"Season","Week","DateTime","Away","Away.Pts","Away.Yds","Away.TOs","Home","Home.Pts","Home.Yds","Home.TOs","Home.Spread","Game.Spread","Game.Total"
2000,1,2000-09-03 13:00:00,"CHI",27,425,1,"MIN",30,374,1,-3,3,57
2000,1,2000-09-03 13:00:00,"IND",27,386,2,"KC",14,280,1,13,13,41
2000,1,2000-09-03 13:01:00,"CAR",17,236,1,"WAS",20,396,0,-3,3,37
2000,1,2000-09-03 13:02:00,"BAL",16,336,0,"PIT",0,223,1,16,16,16
2000,1,2000-09-03 13:02:00,"JAC",27,398,0,"CLE",7,249,1,20,20,34
2000,1,2000-09-03 13:02:00,"SF",28,339,1,"ATL",36,359,1,-8,8,64
2000,1,2000-09-03 13:02:00,"TB",21,296,1,"NE",16,278,1,5,5,37
2000,1,2000-09-03 13:03:00,"DET",14,187,2,"NO",10,252,3,4,4,24
2000,1,2000-09-03 13:04:00,"ARI",16,355,4,"NYG",21,395,2,-5,5,37
2000,1,2000-09-03 16:05:00,"PHI",41,425,3,"DAL",14,167,2,27,27,55
2000,1,2000-09-03 16:15:00,"LAC",6,255,4,"LV",9,233,0,-3,3,15
2000,1,2000-09-03 16:16:00,"SEA",0,143,6,"MIA",23,308,1,-23,23,23
2000,1,2000-09-03 16:20:00,"NYJ",20,379,1,"GB",16,211,2,4,4,36
2000,1,2000-09-03 20:35:00,"TEN",13,172,1,"BUF",16,266,0,-3,3,29
2000,1,2000-09-04 21:07:00,"DEN",36,424,0,"LAR",41,513,3,-5,5,77
2000,2,2000-09-10 12:00:00,"MIA",7,209,1,"MIN",13,468,4,-6,6,20
2000,2,2000-09-10 13:00:00,"CLE",24,354,1,"CIN",7,318,3,17,17,31
2000,2,2000-09-10 13:00:00,"LV",38,359,0,"IND",31,462,3,7,7,69
2000,2,2000-09-10 13:01:00,"CHI",0,165,4,"TB",41,327,0,-41,41,41
2000,2,2000-09-10 13:01:00,"GB",18,274,3,"BUF",27,309,1,-9,9,45
2000,2,2000-09-10 13:02:00,"JAC",36,421,4,"BAL",39,331,2,-3,3,75
2000,2,2000-09-10 13:02:00,"NYG",33,387,0,"PHI",18,237,0,15,15,51
2000,2,2000-09-10 13:03:00,"KC",14,189,0,"TEN",17,353,3,-3,3,31
2000,2,2000-09-10 16:15:00,"CAR",38,450,1,"SF",22,391,2,16,16,60
2000,2,2000-09-10 16:15:00,"NO",28,323,3,"LAC",27,188,2,1,1,55
2000,2,2000-09-10 16:15:00,"LAR",37,476,1,"SEA",34,338,3,3,3,71
2000,2,2000-09-10 16:16:00,"ATL",14,186,3,"DEN",42,407,0,-28,28,56
2000,2,2000-09-10 16:16:00,"WAS",10,333,4,"DET",15,244,2,-5,5,25
2000,2,2000-09-10 20:35:00,"DAL",31,330,2,"ARI",32,322,1,-1,1,63
2000,2,2000-09-11 21:09:00,"NE",19,293,0,"NYJ",20,330,1,-1,1,39
2000,3,2000-09-17 13:02:00,"ATL",15,262,2,"CAR",10,284,4,5,5,25
2000,3,2000-09-17 13:02:00,"CIN",0,233,4,"JAC",13,241,1,-13,13,13
2000,3,2000-09-17 13:02:00,"PHI",3,171,1,"GB",6,236,4,-3,3,9
2000,3,2000-09-17 13:02:00,"PIT",20,336,1,"CLE",23,377,1,-3,3,43
2000,3,2000-09-17 13:02:00,"SF",24,401,2,"LAR",41,529,2,-17,17,65
2000,3,2000-09-17 13:03:00,"BUF",14,354,4,"NYJ",27,279,1,-13,13,41
2000,3,2000-09-17 13:06:00,"TB",31,331,0,"DET",10,243,3,21,21,41
2000,3,2000-09-17 15:16:00,"NYG",14,409,1,"CHI",7,228,1,7,7,21
2000,3,2000-09-17 16:05:00,"DEN",33,387,1,"LV",24,263,4,9,9,57
2000,3,2000-09-17 16:05:00,"LAC",10,187,2,"KC",42,349,1,-32,32,52
2000,3,2000-09-17 16:15:00,"MIN",21,315,2,"NE",13,267,1,8,8,34
2000,3,2000-09-17 16:15:00,"NO",10,263,0,"SEA",20,295,1,-10,10,30
2000,3,2000-09-17 20:36:00,"BAL",6,262,1,"MIA",19,258,1,-13,13,25
2000,3,2000-09-18 21:01:00,"DAL",27,332,2,"WAS",21,331,2,6,6,48
2000,4,2000-09-24 13:01:00,"TEN",23,372,3,"PIT",20,364,1,3,3,43
2000,4,2000-09-24 13:02:00,"CIN",0,94,4,"BAL",37,391,1,-37,37,37
2000,4,2000-09-24 13:02:00,"DET",21,274,1,"CHI",14,401,5,7,7,35
2000,4,2000-09-24 13:02:00,"PHI",21,268,2,"NO",7,287,4,14,14,28
2000,4,2000-09-24 13:02:00,"LAR",41,395,2,"ATL",20,286,4,21,21,61
2000,4,2000-09-24 13:03:00,"NE",3,210,2,"MIA",10,242,3,-7,7,13
2000,4,2000-09-24 13:05:00,"SF",41,439,0,"DAL",24,298,3,17,17,65
2000,4,2000-09-24 16:06:00,"GB",29,455,1,"ARI",3,209,4,26,26,32
2000,4,2000-09-24 16:15:00,"NYJ",21,296,3,"TB",17,239,4,4,4,38
2000,4,2000-09-24 16:15:00,"SEA",20,269,2,"LAC",12,303,2,8,8,32
2000,4,2000-09-24 16:16:00,"KC",23,294,3,"DEN",22,342,3,1,1,45
2000,4,2000-09-24 16:17:00,"CLE",10,230,2,"LV",36,292,0,-26,26,46
2000,4,2000-09-24 20:37:00,"WAS",16,394,0,"NYG",6,261,1,10,10,22
2000,4,2000-09-25 21:00:00,"JAC",14,286,2,"IND",43,533,1,-29,29,57
2000,5,2000-10-01 13:01:00,"IND",18,265,1,"BUF",16,385,0,2,2,34
2000,5,2000-10-01 13:01:00,"MIN",31,439,0,"DET",24,355,1,7,7,55
2000,5,2000-10-01 13:02:00,"DAL",16,291,2,"CAR",13,272,2,3,3,29
2000,5,2000-10-01 13:02:00,"LAC",31,381,2,"LAR",57,614,0,-26,26,88
2000,5,2000-10-01 13:03:00,"BAL",12,348,1,"CLE",0,230,4,12,12,12
2000,5,2000-10-01 13:03:00,"NYG",14,215,4,"TEN",28,436,1,-14,14,42
2000,5,2000-10-01 13:03:00,"PIT",24,332,3,"JAC",13,206,2,11,11,37
2000,5,2000-10-01 16:05:00,"MIA",31,302,2,"CIN",16,350,1,15,15,47
2000,5,2000-10-01 16:06:00,"NE",28,314,1,"DEN",19,405,2,9,9,47
2000,5,2000-10-01 16:15:00,"ARI",20,365,2,"SF",27,345,1,-7,7,47
2000,5,2000-10-01 16:15:00,"CHI",27,370,0,"GB",24,364,3,3,3,51
2000,5,2000-10-01 16:15:00,"TB",17,255,2,"WAS",20,330,1,-3,3,37
2000,5,2000-10-01 20:36:00,"ATL",10,200,1,"PHI",38,502,3,-28,28,48
2000,5,2000-10-02 21:00:00,"SEA",17,289,2,"KC",24,378,0,-7,7,41
2000,6,2000-10-08 13:00:00,"TEN",23,417,2,"CIN",14,213,2,9,9,37
2000,6,2000-10-08 13:01:00,"GB",24,339,5,"DET",31,253,1,-7,7,55
2000,6,2000-10-08 13:01:00,"PIT",20,330,0,"NYJ",3,206,4,17,17,23
2000,6,2000-10-08 13:02:00,"BUF",13,254,2,"MIA",22,254,1,-9,9,35
2000,6,2000-10-08 13:02:00,"IND",16,408,3,"NE",24,301,0,-8,8,40
2000,6,2000-10-08 13:02:00,"WAS",17,407,2,"PHI",14,274,4,3,3,31
2000,6,2000-10-08 13:03:00,"NO",31,403,1,"CHI",10,245,3,21,21,41
2000,6,2000-10-08 16:00:00,"LV",34,471,2,"SF",28,472,2,6,6,62
2000,6,2000-10-08 16:05:00,"NYG",13,255,2,"ATL",6,238,3,7,7,19
2000,6,2000-10-08 16:15:00,"CLE",21,240,0,"ARI",29,315,2,-8,8,50
2000,6,2000-10-08 16:15:00,"DEN",21,304,0,"LAC",7,277,3,14,14,28
2000,6,2000-10-08 16:15:00,"SEA",3,209,0,"CAR",26,447,1,-23,23,29
2000,6,2000-10-08 20:35:00,"BAL",15,194,1,"JAC",10,348,6,5,5,25
2000,6,2000-10-09 21:10:00,"TB",23,346,3,"MIN",30,322,2,-7,7,53
2000,7,2000-10-15 13:00:00,"LV",20,391,1,"KC",17,346,1,3,3,37
2000,7,2000-10-15 13:01:00,"BAL",3,199,1,"WAS",10,246,2,-7,7,13
2000,7,2000-10-15 13:01:00,"CIN",0,232,3,"PIT",15,274,0,-15,15,15
2000,7,2000-10-15 13:01:00,"LAC",24,303,4,"BUF",27,424,2,-3,3,51
2000,7,2000-10-15 13:02:00,"ATL",29,259,1,"LAR",45,529,1,-16,16,74
2000,7,2000-10-15 13:03:00,"DAL",14,269,5,"NYG",19,311,0,-5,5,33
2000,7,2000-10-15 13:04:00,"CAR",6,141,2,"NO",24,397,3,-18,18,30
2000,7,2000-10-15 16:05:00,"IND",37,499,1,"SEA",24,317,3,13,13,61
2000,7,2000-10-15 16:05:00,"NYJ",34,294,1,"NE",17,249,6,17,17,51
2000,7,2000-10-15 16:06:00,"CLE",10,278,3,"DEN",44,499,0,-34,34,54
2000,7,2000-10-15 16:15:00,"PHI",33,391,0,"ARI",14,305,3,19,19,47
2000,7,2000-10-15 16:15:00,"SF",28,414,0,"GB",31,378,0,-3,3,59
2000,7,2000-10-15 20:35:00,"MIN",28,368,1,"CHI",16,294,0,12,12,44
2000,7,2000-10-16 21:10:00,"JAC",13,304,2,"TEN",27,409,1,-14,14,40
2000,8,2000-10-19 20:35:00,"DET",28,277,0,"TB",14,258,4,14,14,42
2000,8,2000-10-22 13:00:00,"ARI",7,276,3,"DAL",48,347,0,-41,41,55
2000,8,2000-10-22 13:00:00,"DEN",21,500,3,"CIN",31,421,1,-10,10,52
2000,8,2000-10-22 13:00:00,"NE",23,386,1,"IND",30,398,1,-7,7,53
2000,8,2000-10-22 13:00:00,"LAR",34,428,4,"KC",54,468,0,-20,20,88
2000,8,2000-10-22 13:02:00,"BUF",27,406,1,"MIN",31,348,1,-4,4,58
2000,8,2000-10-22 13:02:00,"SF",16,411,2,"CAR",34,390,0,-18,18,50
2000,8,2000-10-22 13:02:00,"TEN",14,191,2,"BAL",6,368,4,8,8,20
2000,8,2000-10-22 13:03:00,"CHI",9,274,1,"PHI",13,298,2,-4,4,22
2000,8,2000-10-22 13:05:00,"NO",21,402,1,"ATL",19,278,0,2,2,40
2000,8,2000-10-22 16:05:00,"CLE",0,104,3,"PIT",22,248,0,-22,22,22
2000,8,2000-10-22 16:05:00,"SEA",3,283,3,"LV",31,380,1,-28,28,34
2000,8,2000-10-22 16:15:00,"WAS",35,399,2,"JAC",16,385,4,19,19,51
2000,8,2000-10-23 21:10:00,"MIA",37,433,3,"NYJ",40,455,4,-3,3,77
2000,9,2000-10-29 13:01:00,"MIN",13,401,3,"TB",41,413,0,-28,28,54
2000,9,2000-10-29 13:01:00,"NYJ",20,337,4,"BUF",23,338,0,-3,3,43
2000,9,2000-10-29 13:02:00,"CAR",12,209,4,"ATL",13,281,3,-1,1,25
2000,9,2000-10-29 13:02:00,"GB",20,319,2,"MIA",28,296,1,-8,8,48
2000,9,2000-10-29 13:02:00,"PIT",9,231,1,"BAL",6,274,3,3,3,15
2000,9,2000-10-29 13:03:00,"CIN",12,253,1,"CLE",3,182,1,9,9,15
2000,9,2000-10-29 14:00:00,"DET",18,328,4,"IND",30,420,5,-12,12,48
2000,9,2000-10-29 16:05:00,"NO",21,247,1,"ARI",10,394,4,11,11,31
2000,9,2000-10-29 16:05:00,"LAR",34,447,1,"SF",24,325,0,10,10,58
2000,9,2000-10-29 16:07:00,"PHI",7,192,1,"NYG",24,384,0,-17,17,31
2000,9,2000-10-29 16:15:00,"JAC",23,392,0,"DAL",17,325,3,6,6,40
2000,9,2000-10-29 16:16:00,"KC",24,410,3,"SEA",19,351,4,5,5,43
2000,9,2000-10-29 20:35:00,"LV",15,228,1,"LAC",13,224,2,2,2,28
2000,9,2000-10-30 21:01:00,"TEN",27,189,0,"WAS",21,266,3,6,6,48
2000,10,2000-11-05 13:01:00,"MIA",23,293,0,"DET",8,253,3,15,15,31
2000,10,2000-11-05 13:02:00,"BUF",16,315,1,"NE",13,189,2,3,3,29
2000,10,2000-11-05 13:02:00,"IND",24,371,2,"CHI",27,370,0,-3,3,51
2000,10,2000-11-05 13:02:00,"SF",15,346,2,"NO",31,360,0,-16,16,46
2000,10,2000-11-05 13:02:00,"TB",27,267,2,"ATL",14,283,4,13,13,41
2000,10,2000-11-05 13:03:00,"BAL",27,378,0,"CIN",7,174,1,20,20,34
2000,10,2000-11-05 13:03:00,"DAL",13,295,2,"PHI",16,357,2,-3,3,29
2000,10,2000-11-05 13:03:00,"NYG",24,370,1,"CLE",3,193,1,21,21,27
2000,10,2000-11-05 13:03:00,"PIT",7,167,3,"TEN",9,364,1,-2,2,16
2000,10,2000-11-05 13:15:00,"KC",31,513,3,"LV",49,473,0,-18,18,80
2000,10,2000-11-05 16:05:00,"WAS",15,422,3,"ARI",16,178,2,-1,1,31
2000,10,2000-11-05 16:15:00,"DEN",30,447,1,"NYJ",23,381,3,7,7,53
2000,10,2000-11-05 16:15:00,"LAC",15,398,3,"SEA",17,128,1,-2,2,32
2000,10,2000-11-05 20:35:00,"CAR",27,268,2,"LAR",24,426,2,3,3,51
2000,10,2000-11-06 21:09:00,"MIN",20,407,5,"GB",26,298,0,-6,6,46
2000,11,2000-11-12 13:00:00,"ARI",14,249,2,"MIN",31,460,2,-17,17,45
2000,11,2000-11-12 13:00:00,"CIN",6,195,2,"DAL",23,405,1,-17,17,29
2000,11,2000-11-12 13:01:00,"ATL",10,218,2,"DET",13,222,1,-3,3,23
2000,11,2000-11-12 13:01:00,"PHI",26,290,1,"PIT",23,322,1,3,3,49
2000,11,2000-11-12 13:02:00,"CHI",3,234,4,"BUF",20,299,1,-17,17,23
2000,11,2000-11-12 13:02:00,"NO",20,322,2,"CAR",10,311,5,10,10,30
2000,11,2000-11-12 13:02:00,"SEA",28,326,0,"JAC",21,437,1,7,7,49
2000,11,2000-11-12 13:03:00,"BAL",24,361,1,"TEN",23,286,2,1,1,47
2000,11,2000-11-12 13:03:00,"NE",11,286,4,"CLE",19,272,0,-8,8,30
2000,11,2000-11-12 16:00:00,"KC",7,294,1,"SF",21,389,0,-14,14,28
2000,11,2000-11-12 16:05:00,"MIA",17,244,0,"LAC",7,238,4,10,10,24
2000,11,2000-11-12 16:15:00,"GB",15,302,1,"TB",20,272,1,-5,5,35
2000,11,2000-11-12 16:15:00,"LAR",38,397,1,"NYG",24,348,3,14,14,62
2000,11,2000-11-12 20:35:00,"NYJ",15,367,2,"IND",23,358,1,-8,8,38
2000,11,2000-11-13 21:09:00,"LV",24,411,3,"DEN",27,329,2,-3,3,51
2000,12,2000-11-19 13:00:00,"BUF",21,299,0,"KC",17,378,2,4,4,38
2000,12,2000-11-19 13:00:00,"CAR",17,330,3,"MIN",31,446,2,-14,14,48
2000,12,2000-11-19 13:02:00,"ARI",9,210,1,"PHI",34,338,2,-25,25,43
2000,12,2000-11-19 13:02:00,"CIN",13,365,2,"NE",16,291,1,-3,3,29
2000,12,2000-11-19 13:02:00,"IND",24,338,2,"GB",26,432,1,-2,2,50
2000,12,2000-11-19 13:02:00,"LV",31,293,1,"NO",22,333,1,9,9,53
2000,12,2000-11-19 13:03:00,"CLE",10,125,1,"TEN",24,374,7,-14,14,34
2000,12,2000-11-19 13:03:00,"DET",31,314,2,"NYG",21,373,4,10,10,52
2000,12,2000-11-19 13:04:00,"TB",10,225,3,"CHI",13,243,1,-3,3,23
2000,12,2000-11-19 16:05:00,"NYJ",20,239,2,"MIA",3,200,4,17,17,23
2000,12,2000-11-19 16:05:00,"LAC",37,385,3,"DEN",38,536,5,-1,1,75
2000,12,2000-11-19 16:15:00,"DAL",0,192,3,"BAL",27,479,2,-27,27,27
2000,12,2000-11-19 16:16:00,"ATL",6,211,1,"SF",16,337,1,-10,10,22
2000,12,2000-11-19 20:35:00,"JAC",34,417,2,"PIT",24,302,5,10,10,58
2000,12,2000-11-20 21:08:00,"WAS",33,400,1,"LAR",20,394,3,13,13,53
2000,13,2000-11-23 12:36:00,"NE",9,215,2,"DET",34,299,1,-25,25,43
2000,13,2000-11-23 16:08:00,"MIN",27,360,0,"DAL",15,404,2,12,12,42
2000,13,2000-11-26 13:00:00,"BUF",17,433,2,"TB",31,180,0,-14,14,48
2000,13,2000-11-26 13:01:00,"CLE",7,112,3,"BAL",44,461,2,-37,37,51
2000,13,2000-11-26 13:01:00,"PHI",23,289,2,"WAS",20,326,2,3,3,43
2000,13,2000-11-26 13:02:00,"CHI",10,233,3,"NYJ",17,277,1,-7,7,27
2000,13,2000-11-26 13:02:00,"NO",31,332,2,"LAR",24,279,4,7,7,55
2000,13,2000-11-26 13:02:00,"PIT",48,372,0,"CIN",28,309,3,20,20,76
2000,13,2000-11-26 16:05:00,"ATL",14,181,2,"LV",41,492,1,-27,27,55
2000,13,2000-11-26 16:15:00,"KC",16,161,1,"LAC",17,201,5,-1,1,33
2000,13,2000-11-26 16:15:00,"MIA",17,253,0,"IND",14,353,1,3,3,31
2000,13,2000-11-26 16:15:00,"TEN",13,334,0,"JAC",16,334,2,-3,3,29
2000,13,2000-11-26 16:16:00,"DEN",38,538,5,"SEA",31,354,3,7,7,69
2000,13,2000-11-26 20:35:00,"NYG",31,371,1,"ARI",7,267,4,24,24,38
2000,13,2000-11-27 21:12:00,"GB",14,326,5,"CAR",31,356,2,-17,17,45
2000,14,2000-11-30 20:35:00,"DET",17,352,2,"MIN",24,305,2,-7,7,41
2000,14,2000-12-03 13:01:00,"DAL",7,266,4,"TB",27,301,1,-20,20,34
2000,14,2000-12-03 13:01:00,"NYG",9,305,3,"WAS",7,290,2,2,2,16
2000,14,2000-12-03 13:01:00,"LV",20,390,2,"PIT",21,311,1,-1,1,41
2000,14,2000-12-03 13:02:00,"ARI",13,340,2,"CIN",24,398,1,-11,11,37
2000,14,2000-12-03 13:02:00,"DEN",38,483,0,"NO",23,446,3,15,15,61
2000,14,2000-12-03 13:02:00,"MIA",33,333,1,"BUF",6,196,3,27,27,39
2000,14,2000-12-03 13:03:00,"TEN",15,331,1,"PHI",13,262,0,2,2,28
2000,14,2000-12-03 13:04:00,"LAR",3,278,7,"CAR",16,237,2,-13,13,19
2000,14,2000-12-03 13:05:00,"SEA",30,335,0,"ATL",10,301,4,20,20,40
2000,14,2000-12-03 16:05:00,"SF",45,385,0,"LAC",17,303,5,28,28,62
2000,14,2000-12-03 16:15:00,"IND",17,375,3,"NYJ",27,491,1,-10,10,44
2000,14,2000-12-03 16:16:00,"CLE",0,53,1,"JAC",48,449,0,-48,48,48
2000,14,2000-12-03 20:35:00,"GB",28,304,0,"CHI",6,330,2,22,22,34
2000,14,2000-12-04 21:09:00,"KC",24,418,3,"NE",30,368,1,-6,6,54
2000,15,2000-12-10 13:00:00,"CAR",14,257,1,"KC",15,453,4,-1,1,29
2000,15,2000-12-10 13:02:00,"ARI",10,189,1,"JAC",44,469,0,-34,34,54
2000,15,2000-12-10 13:02:00,"DET",13,293,5,"GB",26,330,2,-13,13,39
2000,15,2000-12-10 13:02:00,"NE",17,245,0,"CHI",24,339,1,-7,7,41
2000,15,2000-12-10 13:02:00,"LAC",3,128,5,"BAL",24,276,3,-21,21,27
2000,15,2000-12-10 13:02:00,"TB",16,221,1,"MIA",13,254,5,3,3,29
2000,15,2000-12-10 13:03:00,"CIN",3,171,0,"TEN",35,443,1,-32,32,38
2000,15,2000-12-10 13:03:00,"PHI",35,391,2,"CLE",24,418,4,11,11,59
2000,15,2000-12-10 13:03:00,"PIT",10,264,1,"NYG",30,394,0,-20,20,40
2000,15,2000-12-10 16:05:00,"SEA",24,405,4,"DEN",31,313,1,-7,7,55
2000,15,2000-12-10 16:15:00,"MIN",29,312,0,"LAR",40,508,0,-11,11,69
2000,15,2000-12-10 16:15:00,"NO",31,388,0,"SF",27,398,3,4,4,58
2000,15,2000-12-10 16:15:00,"WAS",13,270,2,"DAL",32,314,0,-19,19,45
2000,15,2000-12-10 20:35:00,"NYJ",7,300,4,"LV",31,330,1,-24,24,38
2000,15,2000-12-11 21:00:00,"BUF",20,294,3,"IND",44,237,0,-24,24,64
2000,16,2000-12-16 12:37:00,"WAS",3,271,5,"PIT",24,374,1,-21,21,27
2000,16,2000-12-16 16:06:00,"LV",24,361,3,"SEA",27,326,2,-3,3,51
2000,16,2000-12-17 13:00:00,"DEN",7,278,1,"KC",20,424,2,-13,13,27
2000,16,2000-12-17 13:00:00,"GB",33,434,0,"MIN",28,400,2,5,5,61
2000,16,2000-12-17 13:02:00,"DET",10,288,1,"NYJ",7,240,2,3,3,17
2000,16,2000-12-17 13:02:00,"JAC",14,276,1,"CIN",17,263,4,-3,3,31
2000,16,2000-12-17 13:02:00,"NE",13,331,0,"BUF",10,347,1,3,3,23
2000,16,2000-12-17 13:03:00,"ATL",7,163,3,"NO",23,373,1,-16,16,30
2000,16,2000-12-17 13:03:00,"TEN",24,305,1,"CLE",0,113,2,24,24,24
2000,16,2000-12-17 13:04:00,"LAC",22,358,2,"CAR",30,169,1,-8,8,52
2000,16,2000-12-17 16:00:00,"CHI",0,104,1,"SF",17,456,1,-17,17,17
2000,16,2000-12-17 16:15:00,"BAL",13,214,2,"ARI",7,309,4,6,6,20
2000,16,2000-12-17 16:16:00,"IND",20,327,2,"MIA",13,272,3,7,7,33
2000,16,2000-12-17 20:20:00,"NYG",17,225,1,"DAL",13,145,3,4,4,30
2000,16,2000-12-18 21:00:00,"LAR",35,388,3,"TB",38,446,2,-3,3,73
2000,17,2000-12-23 12:37:00,"JAC",25,327,2,"NYG",28,373,1,-3,3,53
2000,17,2000-12-23 16:17:00,"SF",9,192,2,"DEN",38,362,1,-29,29,47
2000,17,2000-12-23 20:36:00,"BUF",42,579,2,"SEA",23,312,4,19,19,65
2000,17,2000-12-24 13:01:00,"ARI",3,245,5,"WAS",20,315,2,-17,17,23
2000,17,2000-12-24 13:02:00,"CHI",23,286,2,"DET",20,240,2,3,3,43
2000,17,2000-12-24 13:02:00,"MIA",27,310,0,"NE",24,348,3,3,3,51
2000,17,2000-12-24 13:02:00,"NYJ",20,524,6,"BAL",34,142,2,-14,14,54
2000,17,2000-12-24 13:02:00,"LAR",26,474,1,"NO",21,269,1,5,5,47
2000,17,2000-12-24 13:02:00,"TB",14,272,0,"GB",17,319,4,-3,3,31
2000,17,2000-12-24 13:03:00,"CIN",7,271,3,"PHI",16,321,4,-9,9,23
2000,17,2000-12-24 13:05:00,"KC",13,259,1,"ATL",29,288,0,-16,16,42
2000,17,2000-12-24 16:05:00,"PIT",34,316,2,"LAC",21,171,2,13,13,55
2000,17,2000-12-24 16:15:00,"CAR",9,297,4,"LV",52,409,0,-43,43,61
2000,17,2000-12-24 16:15:00,"MIN",10,236,1,"IND",31,411,1,-21,21,41
2000,17,2000-12-25 21:10:00,"DAL",0,95,5,"TEN",31,374,4,-31,31,31
2000,101,2000-12-30 12:33:00,"IND",17,293,0,"MIA",23,434,3,-6,6,40
2000,101,2000-12-30 16:05:00,"LAR",28,384,5,"NO",31,301,2,-3,3,59
2000,101,2000-12-31 12:35:00,"DEN",3,177,1,"BAL",21,240,0,-18,18,24
2000,101,2000-12-31 16:16:00,"TB",3,199,1,"PHI",21,277,1,-18,18,24
2000,102,2001-01-06 12:30:00,"NO",16,355,2,"MIN",34,429,0,-18,18,50
2000,102,2001-01-06 16:05:00,"MIA",0,204,4,"LV",27,267,1,-27,27,27
2000,102,2001-01-07 12:35:00,"BAL",24,134,0,"TEN",10,317,1,14,14,34
2000,102,2001-01-07 16:15:00,"PHI",10,186,3,"NYG",20,237,3,-10,10,30
2000,103,2001-01-14 12:37:00,"MIN",0,114,5,"NYG",41,518,2,-41,41,41
2000,103,2001-01-14 16:05:00,"BAL",16,282,2,"LV",3,191,5,13,13,19
2000,104,2001-01-28 18:28:00,"NYG",7,152,5,"BAL",34,244,0,-27,27,41
2001,1,2001-09-09 12:01:00,"LV",27,427,3,"KC",24,254,3,3,3,51
2001,1,2001-09-09 12:02:00,"DET",6,288,3,"GB",28,424,1,-22,22,34
2001,1,2001-09-09 12:03:00,"TB",10,263,2,"DAL",6,127,3,4,4,16
2001,1,2001-09-09 13:00:00,"CAR",24,291,2,"MIN",13,343,5,11,11,37
2001,1,2001-09-09 13:02:00,"CHI",6,189,2,"BAL",17,316,2,-11,11,23
2001,1,2001-09-09 13:02:00,"SEA",9,251,2,"CLE",6,239,1,3,3,15
2001,1,2001-09-09 13:03:00,"IND",45,376,3,"NYJ",24,330,2,21,21,69
2001,1,2001-09-09 13:03:00,"NE",17,292,0,"CIN",23,353,1,-6,6,40
2001,1,2001-09-09 13:05:00,"NO",24,301,0,"BUF",6,251,3,18,18,30
2001,1,2001-09-09 13:05:00,"PIT",3,281,4,"JAC",21,299,0,-18,18,24
2001,1,2001-09-09 13:15:00,"ATL",13,241,0,"SF",16,429,1,-3,3,29
2001,1,2001-09-09 16:15:00,"WAS",3,161,4,"LAC",30,255,4,-27,27,33
2001,1,2001-09-09 16:16:00,"LAR",20,364,2,"PHI",17,334,3,3,3,37
2001,1,2001-09-09 20:36:00,"MIA",31,307,2,"TEN",23,315,3,8,8,54
2001,1,2001-09-10 19:07:00,"NYG",20,308,0,"DEN",31,473,0,-11,11,51
2001,2,2001-09-23 12:00:00,"NYG",13,299,3,"KC",3,266,1,10,10,16
2001,2,2001-09-23 12:12:00,"MIN",10,319,2,"CHI",17,284,1,-7,7,27
2001,2,2001-09-23 13:00:00,"BUF",26,374,1,"IND",42,555,3,-16,16,68
2001,2,2001-09-23 13:10:00,"LV",15,216,0,"MIA",18,359,2,-3,3,33
2001,2,2001-09-23 13:10:00,"TEN",6,264,0,"JAC",13,329,2,-7,7,19
2001,2,2001-09-23 13:11:00,"BAL",10,382,6,"CIN",21,203,1,-11,11,31
2001,2,2001-09-23 13:12:00,"CAR",16,359,1,"ATL",24,377,2,-8,8,40
2001,2,2001-09-23 13:12:00,"LAC",32,475,1,"DAL",21,289,5,11,11,53
2001,2,2001-09-23 13:13:00,"DET",14,271,7,"CLE",24,257,2,-10,10,38
2001,2,2001-09-23 16:15:00,"NYJ",10,238,0,"NE",3,308,4,7,7,13
2001,2,2001-09-23 16:27:00,"PHI",27,344,1,"SEA",3,147,1,24,24,30
2001,2,2001-09-23 16:29:00,"LAR",30,425,3,"SF",26,232,1,4,4,56
2001,2,2001-09-23 20:37:00,"DEN",38,381,0,"ARI",17,308,3,21,21,55
2001,2,2001-09-24 21:08:00,"WAS",0,137,3,"GB",37,386,1,-37,37,37
2001,3,2001-09-30 12:03:00,"MIA",10,253,4,"LAR",42,441,0,-32,32,52
2001,3,2001-09-30 13:00:00,"TB",16,331,1,"MIN",20,402,2,-4,4,36
2001,3,2001-09-30 13:01:00,"KC",45,546,0,"WAS",13,218,1,32,32,58
2001,3,2001-09-30 13:03:00,"GB",28,383,2,"CAR",7,169,3,21,21,35
2001,3,2001-09-30 13:03:00,"IND",13,322,4,"NE",44,336,0,-31,31,57
2001,3,2001-09-30 13:03:00,"PIT",20,270,0,"BUF",3,172,2,17,17,23
2001,3,2001-09-30 13:06:00,"NO",13,330,1,"NYG",21,253,1,-8,8,34
2001,3,2001-09-30 16:05:00,"ATL",34,379,0,"ARI",14,335,4,20,20,48
2001,3,2001-09-30 16:10:00,"SEA",14,348,3,"LV",38,344,1,-24,24,52
2001,3,2001-09-30 16:15:00,"BAL",20,333,1,"DEN",13,228,3,7,7,33
2001,3,2001-09-30 16:15:00,"CIN",14,237,4,"LAC",28,245,0,-14,14,42
2001,3,2001-09-30 16:15:00,"CLE",23,321,3,"JAC",14,259,2,9,9,37
2001,3,2001-09-30 20:38:00,"DAL",18,242,5,"PHI",40,276,3,-22,22,58
2001,3,2001-10-01 21:10:00,"SF",19,359,1,"NYJ",17,268,0,2,2,36
2001,4,2001-10-07 12:05:00,"MIN",15,340,3,"NO",28,370,1,-13,13,43
2001,4,2001-10-07 13:02:00,"CIN",7,214,1,"PIT",16,413,2,-9,9,23
2001,4,2001-10-07 13:02:00,"LAC",16,269,0,"CLE",20,278,1,-4,4,36
2001,4,2001-10-07 13:02:00,"TEN",7,185,2,"BAL",26,460,0,-19,19,33
2001,4,2001-10-07 13:03:00,"NE",10,149,3,"MIA",30,296,1,-20,20,40
2001,4,2001-10-07 13:04:00,"WAS",9,181,5,"NYG",23,309,4,-14,14,32
2001,4,2001-10-07 13:05:00,"CHI",31,300,2,"ATL",3,335,5,28,28,34
2001,4,2001-10-07 13:09:00,"ARI",21,329,1,"PHI",20,440,2,1,1,41
2001,4,2001-10-07 13:15:00,"DAL",21,231,0,"LV",28,308,2,-7,7,49
2001,4,2001-10-07 14:05:00,"KC",6,297,4,"DEN",20,300,1,-14,14,26
2001,4,2001-10-07 16:05:00,"JAC",15,256,2,"SEA",24,395,2,-9,9,39
2001,4,2001-10-07 16:05:00,"NYJ",42,335,0,"BUF",36,473,5,6,6,78
2001,4,2001-10-07 16:15:00,"GB",10,322,3,"TB",14,253,1,-4,4,24
2001,4,2001-10-07 20:38:00,"CAR",14,336,3,"SF",24,353,1,-10,10,38
2001,4,2001-10-08 21:07:00,"LAR",35,378,1,"DET",0,334,3,35,35,35
2001,5,2001-10-14 12:00:00,"PIT",20,316,0,"KC",17,271,1,3,3,37
2001,5,2001-10-14 12:02:00,"NYG",14,324,2,"LAR",15,315,4,-1,1,29
2001,5,2001-10-14 12:03:00,"ARI",13,288,1,"CHI",20,253,3,-7,7,33
2001,5,2001-10-14 13:00:00,"DET",26,457,1,"MIN",31,343,1,-5,5,57
2001,5,2001-10-14 13:02:00,"BAL",23,357,4,"GB",31,391,1,-8,8,54
2001,5,2001-10-14 13:02:00,"CLE",14,211,1,"CIN",24,400,0,-10,10,38
2001,5,2001-10-14 13:02:00,"NO",27,358,3,"CAR",25,218,3,2,2,52
2001,5,2001-10-14 13:03:00,"LAC",26,343,1,"NE",29,374,1,-3,3,55
2001,5,2001-10-14 13:04:00,"SF",37,517,2,"ATL",31,342,1,6,6,68
2001,5,2001-10-14 13:04:00,"TB",28,306,1,"TEN",31,365,1,-3,3,59
2001,5,2001-10-14 16:15:00,"MIA",17,348,4,"NYJ",21,268,0,-4,4,38
2001,5,2001-10-14 16:16:00,"DEN",21,281,3,"SEA",34,254,1,-13,13,55
2001,5,2001-10-14 20:30:00,"LV",23,317,1,"IND",18,352,2,5,5,41
2001,5,2001-10-15 20:08:00,"WAS",7,226,1,"DAL",9,386,1,-2,2,16
2001,6,2001-10-18 20:35:00,"BUF",13,317,0,"JAC",10,247,2,3,3,23
2001,6,2001-10-21 12:03:00,"ATL",20,297,2,"NO",13,276,1,7,7,33
2001,6,2001-10-21 13:00:00,"NE",38,385,0,"IND",17,484,2,21,21,55
2001,6,2001-10-21 13:00:00,"TEN",27,329,2,"DET",24,363,2,3,3,51
2001,6,2001-10-21 13:01:00,"CAR",14,342,4,"WAS",17,443,2,-3,3,31
2001,6,2001-10-21 13:01:00,"PIT",17,344,3,"TB",10,278,1,7,7,27
2001,6,2001-10-21 13:02:00,"BAL",14,321,3,"CLE",24,219,0,-10,10,38
2001,6,2001-10-21 13:02:00,"CHI",24,435,1,"CIN",0,264,1,24,24,24
2001,6,2001-10-21 13:02:00,"LAR",34,448,2,"NYJ",14,266,1,20,20,48
2001,6,2001-10-21 13:05:00,"DEN",10,263,3,"LAC",27,379,2,-17,17,37
2001,6,2001-10-21 15:15:00,"GB",13,234,1,"MIN",35,377,2,-22,22,48
2001,6,2001-10-21 16:05:00,"KC",16,459,2,"ARI",24,363,2,-8,8,40
2001,6,2001-10-22 21:09:00,"PHI",10,215,1,"NYG",9,238,1,1,1,19
2001,7,2001-10-25 19:30:00,"IND",35,373,1,"KC",28,415,3,7,7,63
2001,7,2001-10-28 13:00:00,"CIN",31,412,2,"DET",27,276,3,4,4,58
2001,7,2001-10-28 13:01:00,"JAC",17,365,1,"BAL",18,305,1,-1,1,35
2001,7,2001-10-28 13:01:00,"MIN",14,195,1,"TB",41,446,1,-27,27,55
2001,7,2001-10-28 13:02:00,"NO",34,320,2,"LAR",31,474,8,3,3,65
2001,7,2001-10-28 13:02:00,"NYJ",13,358,4,"CAR",12,162,1,1,1,25
2001,7,2001-10-28 13:03:00,"SF",31,350,2,"CHI",37,364,3,-6,6,68
2001,7,2001-10-28 13:15:00,"BUF",24,396,2,"LAC",27,338,0,-3,3,51
2001,7,2001-10-28 14:15:00,"NE",20,300,5,"DEN",31,355,2,-11,11,51
2001,7,2001-10-28 15:05:00,"ARI",3,292,4,"DAL",17,225,2,-14,14,20
2001,7,2001-10-28 16:05:00,"NYG",21,388,2,"WAS",35,353,0,-14,14,56
2001,7,2001-10-28 16:15:00,"MIA",24,289,4,"SEA",20,302,2,4,4,44
2001,7,2001-10-28 16:15:00,"LV",20,354,0,"PHI",10,195,0,10,10,30
2001,7,2001-10-29 21:05:00,"TEN",7,214,4,"PIT",34,405,0,-27,27,41
2001,8,2001-11-04 13:01:00,"BAL",13,183,1,"PIT",10,348,1,3,3,23
2001,8,2001-11-04 13:01:00,"CAR",6,281,1,"MIA",23,337,1,-17,17,29
2001,8,2001-11-04 13:01:00,"IND",30,305,1,"BUF",14,232,2,16,16,44
2001,8,2001-11-04 13:01:00,"NE",24,371,2,"ATL",10,244,1,14,14,34
2001,8,2001-11-04 13:02:00,"TB",20,194,0,"GB",21,352,3,-1,1,41
2001,8,2001-11-04 13:03:00,"JAC",24,309,1,"TEN",28,362,0,-4,4,52
2001,8,2001-11-04 13:04:00,"DAL",24,324,4,"NYG",27,358,5,-3,3,51
2001,8,2001-11-04 16:05:00,"DET",13,131,0,"SF",21,427,3,-8,8,34
2001,8,2001-11-04 16:05:00,"PHI",21,332,1,"ARI",7,327,2,14,14,28
2001,8,2001-11-04 16:15:00,"CLE",21,261,1,"CHI",27,413,4,-6,6,48
2001,8,2001-11-04 16:15:00,"KC",25,378,1,"LAC",20,325,1,5,5,45
2001,8,2001-11-04 16:15:00,"SEA",14,275,4,"WAS",27,365,1,-13,13,41
2001,8,2001-11-04 20:37:00,"NYJ",16,272,2,"NO",9,246,4,7,7,25
2001,8,2001-11-05 21:05:00,"DEN",28,366,2,"LV",38,356,1,-10,10,66
2001,9,2001-11-11 13:00:00,"MIA",27,375,3,"IND",24,289,3,3,3,51
2001,9,2001-11-11 13:02:00,"BUF",11,242,2,"NE",21,205,3,-10,10,32
2001,9,2001-11-11 13:02:00,"CAR",14,146,3,"LAR",48,493,4,-34,34,62
2001,9,2001-11-11 13:02:00,"GB",20,368,2,"CHI",12,262,1,8,8,32
2001,9,2001-11-11 13:02:00,"KC",7,224,4,"NYJ",27,353,2,-20,20,34
2001,9,2001-11-11 13:03:00,"CIN",13,352,1,"JAC",30,261,0,-17,17,43
2001,9,2001-11-11 13:03:00,"PIT",15,428,1,"CLE",12,187,0,3,3,27
2001,9,2001-11-11 13:03:00,"TB",20,274,1,"DET",17,270,3,3,3,37
2001,9,2001-11-11 13:05:00,"DAL",13,303,2,"ATL",20,201,1,-7,7,33
2001,9,2001-11-11 16:05:00,"LAC",16,243,5,"DEN",26,338,1,-10,10,42
2001,9,2001-11-11 16:15:00,"MIN",17,301,4,"PHI",48,487,1,-31,31,65
2001,9,2001-11-11 16:15:00,"NO",27,488,1,"SF",28,415,0,-1,1,55
2001,9,2001-11-11 16:17:00,"NYG",17,334,1,"ARI",10,213,3,7,7,27
2001,9,2001-11-11 20:36:00,"LV",27,338,1,"SEA",34,497,0,-7,7,61
2001,9,2001-11-12 21:08:00,"BAL",16,238,2,"TEN",10,318,2,6,6,26
2001,10,2001-11-18 13:01:00,"CLE",27,232,3,"BAL",17,350,5,10,10,44
2001,10,2001-11-18 13:02:00,"ATL",23,417,2,"GB",20,313,4,3,3,43
2001,10,2001-11-18 13:02:00,"IND",20,339,1,"NO",34,378,0,-14,14,54
2001,10,2001-11-18 13:02:00,"NYJ",24,162,0,"MIA",0,254,5,24,24,24
2001,10,2001-11-18 13:02:00,"SF",25,417,3,"CAR",22,280,0,3,3,47
2001,10,2001-11-18 13:02:00,"SEA",23,246,0,"BUF",20,372,2,3,3,43
2001,10,2001-11-18 13:02:00,"TEN",20,293,2,"CIN",7,264,3,13,13,27
2001,10,2001-11-18 13:03:00,"PHI",36,227,1,"DAL",3,213,4,33,33,39
2001,10,2001-11-18 16:05:00,"JAC",7,234,3,"PIT",20,402,0,-13,13,27
2001,10,2001-11-18 16:05:00,"LAC",24,250,2,"LV",34,381,1,-10,10,58
2001,10,2001-11-18 16:15:00,"CHI",27,274,1,"TB",24,414,4,3,3,51
2001,10,2001-11-18 16:15:00,"DET",38,478,3,"ARI",45,417,1,-7,7,83
2001,10,2001-11-18 16:15:00,"WAS",17,245,3,"DEN",10,186,2,7,7,27
2001,10,2001-11-18 20:35:00,"LAR",24,482,3,"NE",17,230,3,7,7,41
2001,10,2001-11-19 21:10:00,"NYG",16,358,2,"MIN",28,359,3,-12,12,44
2001,11,2001-11-22 12:36:00,"GB",29,339,2,"DET",27,360,2,2,2,56
2001,11,2001-11-22 16:15:00,"DEN",26,279,1,"DAL",24,191,2,2,2,50
2001,11,2001-11-25 13:00:00,"SF",40,340,1,"IND",21,491,5,19,19,61
2001,11,2001-11-25 13:00:00,"SEA",7,204,0,"KC",19,433,0,-12,12,26
2001,11,2001-11-25 13:02:00,"ATL",10,239,0,"CAR",7,247,2,3,3,17
2001,11,2001-11-25 13:02:00,"MIA",34,362,1,"BUF",27,422,3,7,7,61
2001,11,2001-11-25 13:03:00,"CIN",0,191,7,"CLE",18,249,3,-18,18,18
2001,11,2001-11-25 13:03:00,"WAS",13,240,0,"PHI",3,186,0,10,10,16
2001,11,2001-11-25 13:05:00,"PIT",34,377,0,"TEN",24,405,2,10,10,58
2001,11,2001-11-25 16:05:00,"ARI",20,298,2,"LAC",17,392,1,3,3,37
2001,11,2001-11-25 16:05:00,"NO",17,428,2,"NE",34,432,0,-17,17,51
2001,11,2001-11-25 16:15:00,"BAL",24,361,2,"JAC",21,305,0,3,3,45
2001,11,2001-11-25 16:15:00,"LV",28,339,0,"NYG",10,313,0,18,18,38
2001,11,2001-11-25 20:35:00,"CHI",13,235,1,"MIN",6,316,1,7,7,19
2001,11,2001-11-26 21:10:00,"TB",24,264,1,"LAR",17,345,6,7,7,41
2001,12,2001-11-29 20:30:00,"PHI",23,378,1,"KC",10,291,3,13,13,33
2001,12,2001-12-02 13:01:00,"MIN",16,385,3,"PIT",21,364,2,-5,5,37
2001,12,2001-12-02 13:02:00,"DEN",10,273,2,"MIA",21,218,1,-11,11,31
2001,12,2001-12-02 13:02:00,"IND",27,314,4,"BAL",39,398,4,-12,12,66
2001,12,2001-12-02 13:02:00,"NE",17,264,0,"NYJ",16,288,2,1,1,33
2001,12,2001-12-02 13:02:00,"TB",16,264,1,"CIN",13,201,2,3,3,29
2001,12,2001-12-02 13:02:00,"TEN",31,383,0,"CLE",15,282,3,16,16,46
2001,12,2001-12-02 13:03:00,"CAR",23,150,1,"NO",27,432,2,-4,4,50
2001,12,2001-12-02 13:03:00,"DET",10,295,1,"CHI",13,232,1,-3,3,23
2001,12,2001-12-02 16:05:00,"LAC",10,292,3,"SEA",13,309,0,-3,3,23
2001,12,2001-12-02 16:15:00,"ARI",34,390,1,"LV",31,436,3,3,3,65
2001,12,2001-12-02 16:15:00,"DAL",20,337,1,"WAS",14,277,1,6,6,34
2001,12,2001-12-02 16:15:00,"LAR",35,422,0,"ATL",6,320,2,29,29,41
2001,12,2001-12-02 20:36:00,"BUF",0,191,5,"SF",35,409,0,-35,35,35
2001,12,2001-12-03 21:07:00,"GB",28,389,1,"JAC",21,348,4,7,7,49
2001,13,2001-12-09 13:00:00,"TEN",24,453,2,"MIN",42,496,1,-18,18,66
2001,13,2001-12-09 13:01:00,"DET",12,253,1,"TB",15,356,2,-3,3,27
2001,13,2001-12-09 13:02:00,"CAR",24,231,2,"BUF",25,369,1,-1,1,49
2001,13,2001-12-09 13:02:00,"CHI",7,189,1,"GB",17,352,1,-10,10,24
2001,13,2001-12-09 13:02:00,"CLE",16,277,4,"NE",27,290,2,-11,11,43
2001,13,2001-12-09 13:02:00,"JAC",14,255,1,"CIN",10,200,1,4,4,24
2001,13,2001-12-09 13:02:00,"NYG",13,245,2,"DAL",20,289,0,-7,7,33
2001,13,2001-12-09 13:02:00,"SF",14,220,2,"LAR",27,385,2,-13,13,41
2001,13,2001-12-09 13:03:00,"LAC",14,393,4,"PHI",24,273,1,-10,10,38
2001,13,2001-12-09 13:05:00,"NO",28,379,2,"ATL",10,230,2,18,18,38
2001,13,2001-12-09 16:04:00,"WAS",20,331,0,"ARI",10,326,1,10,10,30
2001,13,2001-12-09 16:15:00,"KC",26,447,1,"LV",28,264,5,-2,2,54
2001,13,2001-12-09 16:15:00,"NYJ",7,220,0,"PIT",18,345,0,-11,11,25
2001,13,2001-12-09 20:35:00,"SEA",7,277,2,"DEN",20,309,2,-13,13,27
2001,13,2001-12-10 21:08:00,"IND",6,254,4,"MIA",41,366,0,-35,35,47
2001,14,2001-12-15 13:37:00,"ARI",13,285,1,"NYG",17,244,0,-4,4,30
2001,14,2001-12-15 17:15:00,"LV",13,299,3,"LAC",6,274,3,7,7,19
2001,14,2001-12-16 13:00:00,"ATL",27,316,1,"IND",41,512,1,-14,14,68
2001,14,2001-12-16 13:00:00,"DEN",23,335,1,"KC",26,396,3,-3,3,49
2001,14,2001-12-16 13:02:00,"CIN",14,248,3,"NYJ",15,309,0,-1,1,29
2001,14,2001-12-16 13:02:00,"MIN",24,314,2,"DET",27,369,1,-3,3,51
2001,14,2001-12-16 13:02:00,"NE",12,335,2,"BUF",9,310,1,3,3,21
2001,14,2001-12-16 13:02:00,"TB",3,238,4,"CHI",27,379,1,-24,24,30
2001,14,2001-12-16 13:03:00,"JAC",15,282,3,"CLE",10,220,2,5,5,25
2001,14,2001-12-16 16:07:00,"MIA",0,174,4,"SF",21,285,0,-21,21,21
2001,14,2001-12-16 16:15:00,"GB",20,223,2,"TEN",26,423,2,-6,6,46
2001,14,2001-12-16 16:15:00,"PHI",20,287,4,"WAS",6,362,3,14,14,26
2001,14,2001-12-16 16:17:00,"DAL",3,218,1,"SEA",29,312,0,-26,26,32
2001,14,2001-12-16 20:35:00,"PIT",26,476,0,"BAL",21,207,1,5,5,47
2001,14,2001-12-17 21:09:00,"LAR",34,365,2,"NO",21,310,2,13,13,55
2001,15,2001-12-22 13:35:00,"MIA",13,368,3,"NE",20,313,0,-7,7,33
2001,15,2001-12-22 17:15:00,"PHI",3,292,1,"SF",13,244,0,-10,10,16
2001,15,2001-12-22 21:00:00,"TEN",13,262,2,"LV",10,311,1,3,3,23
2001,15,2001-12-23 13:00:00,"JAC",33,423,0,"MIN",3,214,2,30,30,36
2001,15,2001-12-23 13:00:00,"LAC",17,329,0,"KC",20,323,2,-3,3,37
2001,15,2001-12-23 13:01:00,"CHI",20,237,1,"WAS",15,293,2,5,5,35
2001,15,2001-12-23 13:01:00,"DET",14,151,3,"PIT",47,429,0,-33,33,61
2001,15,2001-12-23 13:01:00,"NO",21,271,4,"TB",48,364,0,-27,27,69
2001,15,2001-12-23 13:02:00,"CIN",0,281,4,"BAL",16,305,1,-16,16,16
2001,15,2001-12-23 13:02:00,"LAR",38,412,3,"CAR",32,402,1,6,6,70
2001,15,2001-12-23 13:03:00,"SEA",24,259,2,"NYG",27,420,2,-3,3,51
2001,15,2001-12-23 13:05:00,"BUF",30,398,0,"ATL",33,489,2,-3,3,63
2001,15,2001-12-23 16:06:00,"DAL",10,343,3,"ARI",17,209,0,-7,7,27
2001,15,2001-12-23 16:15:00,"CLE",7,337,5,"GB",30,361,1,-23,23,37
2001,15,2001-12-23 20:30:00,"NYJ",29,451,2,"IND",28,393,2,1,1,57
2001,16,2001-12-29 21:07:00,"BAL",10,257,3,"TB",22,213,0,-12,12,32
2001,16,2001-12-30 13:02:00,"ARI",30,331,0,"CAR",7,318,2,23,23,37
2001,16,2001-12-30 13:02:00,"ATL",14,388,4,"MIA",21,226,3,-7,7,35
2001,16,2001-12-30 13:02:00,"IND",17,261,1,"LAR",42,483,1,-25,25,59
2001,16,2001-12-30 13:02:00,"MIN",13,302,3,"GB",24,213,1,-11,11,37
2001,16,2001-12-30 13:02:00,"PIT",23,313,5,"CIN",26,544,3,-3,3,49
2001,16,2001-12-30 13:03:00,"BUF",14,368,1,"NYJ",9,375,3,5,5,23
2001,16,2001-12-30 13:03:00,"CHI",24,326,0,"DET",0,332,5,24,24,24
2001,16,2001-12-30 13:03:00,"CLE",41,409,1,"TEN",38,452,2,3,3,79
2001,16,2001-12-30 13:03:00,"SF",21,285,1,"DAL",27,420,0,-6,6,48
2001,16,2001-12-30 13:05:00,"KC",30,365,4,"JAC",26,431,3,4,4,56
2001,16,2001-12-30 16:06:00,"NYG",21,420,1,"PHI",24,361,2,-3,3,45
2001,16,2001-12-30 16:15:00,"LV",17,334,3,"DEN",23,231,0,-6,6,40
2001,16,2001-12-30 16:15:00,"SEA",25,307,0,"LAC",22,398,2,3,3,47
2001,16,2001-12-30 20:36:00,"WAS",40,263,1,"NO",10,213,4,30,30,50
2001,17,2002-01-06 12:03:00,"SF",38,407,1,"NO",0,126,6,38,38,38
2001,17,2002-01-06 13:00:00,"DEN",10,219,4,"IND",29,335,1,-19,19,39
2001,17,2002-01-06 13:01:00,"ARI",17,187,1,"WAS",20,340,1,-3,3,37
2001,17,2002-01-06 13:01:00,"CLE",7,173,3,"PIT",28,376,3,-21,21,35
2001,17,2002-01-06 13:02:00,"JAC",13,237,3,"CHI",33,322,1,-20,20,46
2001,17,2002-01-06 13:02:00,"NE",38,298,3,"CAR",6,322,6,32,32,44
2001,17,2002-01-06 13:03:00,"CIN",23,436,3,"TEN",21,329,2,2,2,44
2001,17,2002-01-06 13:03:00,"DAL",10,264,1,"DET",15,366,0,-5,5,25
2001,17,2002-01-06 13:04:00,"GB",34,413,1,"NYG",25,524,3,9,9,59
2001,17,2002-01-06 16:05:00,"ATL",13,255,3,"LAR",31,458,3,-18,18,44
2001,17,2002-01-06 16:15:00,"NYJ",24,302,3,"LV",22,337,0,2,2,46
2001,17,2002-01-06 16:16:00,"KC",18,308,1,"SEA",21,389,2,-3,3,39
2001,17,2002-01-06 16:17:00,"BUF",7,250,3,"MIA",34,289,0,-27,27,41
2001,17,2002-01-06 20:30:00,"PHI",17,296,2,"TB",13,236,2,4,4,30
2001,17,2002-01-07 21:07:00,"MIN",3,179,4,"BAL",19,351,0,-16,16,22
2001,101,2002-01-12 16:39:00,"TB",9,258,4,"PHI",31,334,1,-22,22,40
2001,101,2002-01-12 20:07:00,"NYJ",24,410,2,"LV",38,502,0,-14,14,62
2001,101,2002-01-13 12:35:00,"SF",15,290,2,"GB",25,368,1,-10,10,40
2001,101,2002-01-13 16:05:00,"BAL",20,347,1,"MIA",3,151,3,17,17,23
2001,102,2002-01-19 16:37:00,"PHI",33,336,1,"CHI",19,184,4,14,14,52
2001,102,2002-01-19 20:05:00,"LV",13,230,0,"NE",16,365,1,-3,3,29
2001,102,2002-01-20 12:40:00,"BAL",10,150,4,"PIT",27,297,1,-17,17,37
2001,102,2002-01-20 16:15:00,"GB",17,383,8,"LAR",45,292,1,-28,28,62
2001,103,2002-01-27 12:40:00,"NE",24,259,0,"PIT",17,306,4,7,7,41
2001,103,2002-01-27 16:27:00,"PHI",24,256,2,"LAR",29,371,0,-5,5,53
2001,104,2002-02-03 18:40:00,"LAR",17,427,3,"NE",20,267,0,-3,3,37
2002,1,2002-09-05 20:38:00,"SF",16,279,1,"NYG",13,361,3,3,3,29
2002,1,2002-09-08 13:04:00,"ATL",34,374,1,"GB",37,484,1,-3,3,71
2002,1,2002-09-08 13:04:00,"BAL",7,289,1,"CAR",10,265,0,-3,3,17
2002,1,2002-09-08 13:04:00,"DET",21,257,2,"MIA",49,389,0,-28,28,70
2002,1,2002-09-08 13:04:00,"IND",28,307,2,"JAC",25,343,2,3,3,53
2002,1,2002-09-08 13:04:00,"KC",40,470,1,"CLE",39,411,1,1,1,79
2002,1,2002-09-08 13:04:00,"MIN",23,368,3,"CHI",27,368,2,-4,4,50
2002,1,2002-09-08 13:04:00,"NYJ",37,266,1,"BUF",31,384,3,6,6,68
2002,1,2002-09-08 13:04:00,"LAC",34,401,0,"CIN",6,203,1,28,28,40
2002,1,2002-09-08 13:05:00,"ARI",23,257,1,"WAS",31,442,1,-8,8,54
2002,1,2002-09-08 13:06:00,"PHI",24,261,3,"TEN",27,328,4,-3,3,51
2002,1,2002-09-08 16:15:00,"NO",26,368,1,"TB",20,333,1,6,6,46
2002,1,2002-09-08 16:17:00,"SEA",17,186,0,"LV",31,423,2,-14,14,48
2002,1,2002-09-08 16:17:00,"LAR",16,327,2,"DEN",23,291,2,-7,7,39
2002,1,2002-09-08 20:36:00,"DAL",10,267,2,"HOU",19,210,1,-9,9,29
2002,1,2002-09-09 21:12:00,"PIT",14,283,5,"NE",30,343,1,-16,16,44
2002,2,2002-09-15 13:00:00,"JAC",23,450,1,"KC",16,336,2,7,7,39
2002,2,2002-09-15 13:00:00,"MIA",21,342,1,"IND",13,432,3,8,8,34
2002,2,2002-09-15 13:02:00,"TB",25,279,0,"BAL",0,173,1,25,25,25
2002,2,2002-09-15 13:02:00,"TEN",13,333,1,"DAL",21,297,0,-8,8,34
2002,2,2002-09-15 13:03:00,"CIN",7,357,3,"CLE",20,265,0,-13,13,27
2002,2,2002-09-15 13:03:00,"NE",44,432,2,"NYJ",7,200,2,37,37,51
2002,2,2002-09-15 13:04:00,"CHI",14,242,2,"ATL",13,257,3,1,1,27
2002,2,2002-09-15 13:04:00,"DET",7,122,3,"CAR",31,385,0,-24,24,38
2002,2,2002-09-15 13:04:00,"GB",20,357,4,"NO",35,357,2,-15,15,55
2002,2,2002-09-15 15:05:00,"NYG",26,394,1,"LAR",21,352,4,5,5,47
2002,2,2002-09-15 16:00:00,"DEN",24,299,1,"SF",14,261,2,10,10,38
2002,2,2002-09-15 16:05:00,"ARI",24,347,1,"SEA",13,426,1,11,11,37
2002,2,2002-09-15 16:15:00,"BUF",45,468,0,"MIN",39,449,3,6,6,84
2002,2,2002-09-15 16:15:00,"HOU",3,118,3,"LAC",24,267,1,-21,21,27
2002,2,2002-09-15 20:35:00,"LV",30,464,2,"PIT",17,273,5,13,13,47
2002,2,2002-09-16 21:05:00,"PHI",37,451,0,"WAS",7,179,3,30,30,44
2002,3,2002-09-22 13:00:00,"CAR",21,370,2,"MIN",14,250,5,7,7,35
2002,3,2002-09-22 13:01:00,"IND",23,339,2,"HOU",3,204,2,20,20,26
2002,3,2002-09-22 13:02:00,"DAL",13,304,4,"PHI",44,447,2,-31,31,57
2002,3,2002-09-22 13:02:00,"KC",38,349,3,"NE",41,496,1,-3,3,79
2002,3,2002-09-22 13:02:00,"NYJ",3,189,4,"MIA",30,394,0,-27,27,33
2002,3,2002-09-22 13:03:00,"CLE",31,403,4,"TEN",28,187,0,3,3,59
2002,3,2002-09-22 13:05:00,"NO",29,302,3,"CHI",23,353,2,6,6,52
2002,3,2002-09-22 16:05:00,"BUF",23,291,1,"DEN",28,342,0,-5,5,51
2002,3,2002-09-22 16:05:00,"LAC",23,289,1,"ARI",15,297,3,8,8,38
2002,3,2002-09-22 16:14:00,"SEA",6,145,1,"NYG",9,351,0,-3,3,15
2002,3,2002-09-22 16:15:00,"WAS",10,217,3,"SF",20,366,1,-10,10,30
2002,3,2002-09-22 16:17:00,"GB",37,442,3,"DET",31,271,5,6,6,68
2002,3,2002-09-22 20:35:00,"CIN",3,191,2,"ATL",30,306,0,-27,27,33
2002,3,2002-09-23 21:07:00,"LAR",14,358,4,"TB",26,252,1,-12,12,40
2002,4,2002-09-29 13:00:00,"MIA",30,399,5,"KC",48,450,0,-18,18,78
2002,4,2002-09-29 13:01:00,"CLE",13,245,2,"PIT",16,358,2,-3,3,29
2002,4,2002-09-29 13:02:00,"CAR",14,332,3,"GB",17,298,1,-3,3,31
2002,4,2002-09-29 13:02:00,"DAL",13,315,2,"LAR",10,366,3,3,3,23
2002,4,2002-09-29 13:02:00,"HOU",17,242,3,"PHI",35,391,3,-18,18,52
2002,4,2002-09-29 13:02:00,"NYJ",3,345,4,"JAC",28,383,0,-25,25,31
2002,4,2002-09-29 13:03:00,"NO",21,357,3,"DET",26,352,0,-5,5,47
2002,4,2002-09-29 13:04:00,"CHI",27,240,0,"BUF",33,410,1,-6,6,60
2002,4,2002-09-29 16:04:00,"NYG",7,263,3,"ARI",21,263,1,-14,14,28
2002,4,2002-09-29 16:05:00,"TB",35,363,3,"CIN",7,168,2,28,28,42
2002,4,2002-09-29 16:15:00,"NE",14,440,3,"LAC",21,342,1,-7,7,35
2002,4,2002-09-29 16:15:00,"TEN",25,430,4,"LV",52,464,1,-27,27,77
2002,4,2002-09-29 20:35:00,"MIN",23,443,4,"SEA",48,381,1,-25,25,71
2002,4,2002-09-30 21:08:00,"DEN",23,403,3,"BAL",34,230,2,-11,11,57
2002,5,2002-10-06 12:00:00,"CIN",21,410,4,"IND",28,311,1,-7,7,49
2002,5,2002-10-06 13:02:00,"ARI",16,312,1,"CAR",13,244,4,3,3,29
2002,5,2002-10-06 13:02:00,"NE",13,245,3,"MIA",26,319,1,-13,13,39
2002,5,2002-10-06 13:02:00,"LV",49,495,0,"BUF",31,479,3,18,18,80
2002,5,2002-10-06 13:02:00,"PIT",29,364,2,"NO",32,315,0,-3,3,61
2002,5,2002-10-06 13:03:00,"NYG",21,316,2,"DAL",17,340,0,4,4,38
2002,5,2002-10-06 13:03:00,"TB",20,327,2,"ATL",6,243,4,14,14,26
2002,5,2002-10-06 13:03:00,"WAS",31,442,0,"TEN",14,289,4,17,17,45
2002,5,2002-10-06 16:05:00,"LAC",9,314,3,"DEN",26,417,1,-17,17,35
2002,5,2002-10-06 16:06:00,"KC",29,504,1,"NYJ",25,359,1,4,4,54
2002,5,2002-10-06 16:14:00,"PHI",25,406,0,"JAC",28,267,0,-3,3,53
2002,5,2002-10-06 16:15:00,"LAR",13,313,2,"SF",37,386,0,-24,24,50
2002,5,2002-10-06 20:36:00,"BAL",26,409,1,"CLE",21,433,5,5,5,47
2002,5,2002-10-07 21:08:00,"GB",34,457,1,"CHI",21,380,4,13,13,55
2002,6,2002-10-13 12:00:00,"BAL",20,244,3,"IND",22,317,1,-2,2,42
2002,6,2002-10-13 13:00:00,"DET",24,354,1,"MIN",31,402,1,-7,7,55
2002,6,2002-10-13 13:01:00,"CLE",3,194,1,"TB",17,380,1,-14,14,20
2002,6,2002-10-13 13:01:00,"NO",43,311,1,"WAS",27,318,5,16,16,70
2002,6,2002-10-13 13:02:00,"BUF",31,403,1,"HOU",24,338,0,7,7,55
2002,6,2002-10-13 13:02:00,"GB",28,301,0,"NE",10,289,4,18,18,38
2002,6,2002-10-13 13:02:00,"PIT",34,408,2,"CIN",7,268,4,27,27,41
2002,6,2002-10-13 13:03:00,"ATL",17,313,0,"NYG",10,303,2,7,7,27
2002,6,2002-10-13 13:03:00,"CAR",13,308,0,"DAL",14,311,2,-1,1,27
2002,6,2002-10-13 16:03:00,"JAC",14,198,2,"TEN",23,370,1,-9,9,37
2002,6,2002-10-13 16:15:00,"KC",34,319,2,"LAC",35,465,5,-1,1,69
2002,6,2002-10-13 16:15:00,"LV",13,367,3,"LAR",28,322,1,-15,15,41
2002,6,2002-10-13 20:35:00,"MIA",24,259,2,"DEN",22,410,3,2,2,46
2002,6,2002-10-14 21:09:00,"SF",28,351,0,"SEA",21,334,2,7,7,49
2002,7,2002-10-20 13:00:00,"DEN",37,507,1,"KC",34,305,0,3,3,71
2002,7,2002-10-20 13:02:00,"JAC",10,397,3,"BAL",17,261,2,-7,7,27
2002,7,2002-10-20 13:02:00,"MIN",7,389,4,"NYJ",20,407,0,-13,13,27
2002,7,2002-10-20 13:02:00,"SEA",20,290,3,"LAR",37,478,2,-17,17,57
2002,7,2002-10-20 13:03:00,"BUF",23,294,0,"MIA",10,287,6,13,13,33
2002,7,2002-10-20 13:03:00,"CHI",20,224,3,"DET",23,362,1,-3,3,43
2002,7,2002-10-20 13:03:00,"SF",27,418,2,"NO",35,422,1,-8,8,62
2002,7,2002-10-20 13:05:00,"CAR",0,205,1,"ATL",30,393,0,-30,30,30
2002,7,2002-10-20 16:05:00,"HOU",17,354,2,"CLE",34,230,0,-17,17,51
2002,7,2002-10-20 16:05:00,"LAC",27,333,0,"LV",21,390,1,6,6,48
2002,7,2002-10-20 16:15:00,"DAL",6,342,4,"ARI",9,380,1,-3,3,15
2002,7,2002-10-20 16:15:00,"TB",10,207,2,"PHI",20,269,2,-10,10,30
2002,7,2002-10-20 16:15:00,"WAS",9,238,4,"GB",30,243,1,-21,21,39
2002,7,2002-10-21 21:08:00,"IND",10,367,3,"PIT",28,364,1,-18,18,38
2002,8,2002-10-27 13:00:00,"CHI",7,218,3,"MIN",25,364,1,-18,18,32
2002,8,2002-10-27 13:00:00,"LV",10,417,2,"KC",20,323,2,-10,10,30
2002,8,2002-10-27 13:02:00,"CLE",24,334,0,"NYJ",21,241,3,3,3,45
2002,8,2002-10-27 13:02:00,"DET",17,282,1,"BUF",24,343,2,-7,7,41
2002,8,2002-10-27 13:02:00,"PIT",31,283,1,"BAL",18,360,5,13,13,49
2002,8,2002-10-27 13:02:00,"TB",12,226,2,"CAR",9,130,4,3,3,21
2002,8,2002-10-27 13:02:00,"TEN",30,342,1,"CIN",24,384,1,6,6,54
2002,8,2002-10-27 13:03:00,"ATL",37,446,2,"NO",35,351,3,2,2,72
2002,8,2002-10-27 13:04:00,"SEA",17,267,2,"DAL",14,237,1,3,3,31
2002,8,2002-10-27 16:05:00,"ARI",28,420,4,"SF",38,357,0,-10,10,66
2002,8,2002-10-27 16:15:00,"DEN",24,351,2,"NE",16,179,0,8,8,40
2002,8,2002-10-27 16:15:00,"HOU",21,242,1,"JAC",19,290,0,2,2,40
2002,8,2002-10-27 20:35:00,"IND",21,258,3,"WAS",26,370,1,-5,5,47
2002,8,2002-10-28 21:08:00,"NYG",3,348,1,"PHI",17,422,0,-14,14,20
2002,9,2002-11-03 13:00:00,"TEN",23,198,0,"IND",15,378,3,8,8,38
2002,9,2002-11-03 13:01:00,"CIN",38,390,0,"HOU",3,268,2,35,35,41
2002,9,2002-11-03 13:01:00,"MIN",24,387,3,"TB",38,446,0,-14,14,62
2002,9,2002-11-03 13:02:00,"NE",38,422,0,"BUF",7,331,1,31,31,45
2002,9,2002-11-03 13:03:00,"PIT",23,391,1,"CLE",20,193,3,3,3,43
2002,9,2002-11-03 13:04:00,"DAL",7,221,2,"DET",9,148,2,-2,2,16
2002,9,2002-11-03 13:05:00,"BAL",17,340,2,"ATL",20,241,1,-3,3,37
2002,9,2002-11-03 13:05:00,"PHI",19,309,1,"CHI",13,260,1,6,6,32
2002,9,2002-11-03 16:05:00,"NYJ",44,413,0,"LAC",13,243,3,31,31,57
2002,9,2002-11-03 16:15:00,"SF",23,434,1,"LV",20,239,1,3,3,43
2002,9,2002-11-03 16:15:00,"LAR",27,415,2,"ARI",14,235,3,13,13,41
2002,9,2002-11-03 16:15:00,"WAS",14,259,1,"SEA",3,324,2,11,11,17
2002,9,2002-11-03 20:39:00,"JAC",17,329,1,"NYG",24,394,1,-7,7,41
2002,9,2002-11-04 21:08:00,"MIA",10,306,4,"GB",24,270,1,-14,14,34
2002,10,2002-11-10 13:00:00,"NYG",27,460,1,"MIN",20,356,2,7,7,47
2002,10,2002-11-10 13:01:00,"ATL",34,447,2,"PIT",34,645,3,0,0,68
2002,10,2002-11-10 13:02:00,"CIN",27,372,4,"BAL",38,325,2,-11,11,65
2002,10,2002-11-10 13:02:00,"DET",14,362,2,"GB",40,503,2,-26,26,54
2002,10,2002-11-10 13:02:00,"NO",34,345,0,"CAR",24,396,2,10,10,58
2002,10,2002-11-10 13:02:00,"LAC",24,256,2,"LAR",28,524,4,-4,4,52
2002,10,2002-11-10 13:03:00,"HOU",10,233,3,"TEN",17,251,2,-7,7,27
2002,10,2002-11-10 13:03:00,"IND",35,446,1,"PHI",13,374,2,22,22,48
2002,10,2002-11-10 16:05:00,"WAS",7,307,3,"JAC",26,309,0,-19,19,33
2002,10,2002-11-10 16:06:00,"SEA",27,406,0,"ARI",6,337,5,21,21,33
2002,10,2002-11-10 16:15:00,"KC",13,256,0,"SF",17,323,1,-4,4,30
2002,10,2002-11-10 16:15:00,"NE",33,397,2,"CHI",30,299,1,3,3,63
2002,10,2002-11-10 20:35:00,"MIA",10,279,2,"NYJ",13,264,0,-3,3,23
2002,10,2002-11-11 21:09:00,"LV",34,374,0,"DEN",10,342,1,24,24,44
2002,11,2002-11-17 12:00:00,"GB",21,367,3,"MIN",31,425,3,-10,10,52
2002,11,2002-11-17 13:00:00,"BUF",16,344,1,"KC",17,320,0,-1,1,33
2002,11,2002-11-17 13:00:00,"DAL",3,178,2,"IND",20,362,1,-17,17,23
2002,11,2002-11-17 13:02:00,"CLE",27,382,1,"CIN",20,350,1,7,7,47
2002,11,2002-11-17 13:02:00,"JAC",24,321,1,"HOU",21,272,2,3,3,45
2002,11,2002-11-17 13:03:00,"ARI",14,248,1,"PHI",38,462,2,-24,24,52
2002,11,2002-11-17 13:03:00,"PIT",23,357,3,"TEN",31,378,1,-8,8,54
2002,11,2002-11-17 13:04:00,"WAS",17,166,2,"NYG",19,299,3,-2,2,36
2002,11,2002-11-17 13:05:00,"NO",17,344,2,"ATL",24,292,1,-7,7,41
2002,11,2002-11-17 16:05:00,"CAR",10,231,4,"TB",23,314,2,-13,13,33
2002,11,2002-11-17 16:05:00,"SF",17,467,1,"LAC",20,441,1,-3,3,37
2002,11,2002-11-17 16:16:00,"BAL",7,157,1,"MIA",26,337,0,-19,19,33
2002,11,2002-11-17 16:16:00,"DEN",31,401,1,"SEA",9,204,3,22,22,40
2002,11,2002-11-17 16:16:00,"NYJ",31,408,1,"DET",14,279,1,17,17,45
2002,11,2002-11-17 20:36:00,"NE",20,195,1,"LV",27,386,1,-7,7,47
2002,11,2002-11-18 21:07:00,"CHI",16,220,0,"LAR",21,388,2,-5,5,37
2002,12,2002-11-24 13:01:00,"CIN",21,352,1,"PIT",29,391,0,-8,8,50
2002,12,2002-11-24 13:01:00,"LAR",17,364,2,"WAS",20,362,0,-3,3,37
2002,12,2002-11-24 13:02:00,"ATL",41,426,1,"CAR",0,122,6,41,41,41
2002,12,2002-11-24 13:02:00,"BUF",13,258,3,"NYJ",31,325,0,-18,18,44
2002,12,2002-11-24 13:02:00,"CLE",24,339,2,"NO",15,383,6,9,9,39
2002,12,2002-11-24 13:02:00,"MIN",17,417,3,"NE",24,299,0,-7,7,41
2002,12,2002-11-24 13:02:00,"LAC",3,144,2,"MIA",30,413,0,-27,27,33
2002,12,2002-11-24 13:02:00,"TEN",12,402,4,"BAL",13,199,2,-1,1,25
2002,12,2002-11-24 13:03:00,"DET",17,301,2,"CHI",20,422,1,-3,3,37
2002,12,2002-11-24 13:03:00,"JAC",19,326,3,"DAL",21,405,3,-2,2,40
2002,12,2002-11-24 16:05:00,"KC",32,552,1,"SEA",39,534,0,-7,7,71
2002,12,2002-11-24 16:05:00,"LV",41,520,1,"ARI",20,263,3,21,21,61
2002,12,2002-11-24 16:15:00,"GB",7,267,4,"TB",21,246,1,-14,14,28
2002,12,2002-11-24 16:15:00,"NYG",14,369,3,"HOU",16,212,1,-2,2,30
2002,12,2002-11-24 20:36:00,"IND",23,344,3,"DEN",20,285,2,3,3,43
2002,12,2002-11-25 21:00:00,"PHI",38,343,0,"SF",17,409,0,21,21,55
2002,13,2002-11-28 12:38:00,"NE",20,349,1,"DET",12,292,3,8,8,32
2002,13,2002-11-28 16:17:00,"WAS",20,315,4,"DAL",27,328,0,-7,7,47
2002,13,2002-12-01 12:00:00,"ATL",30,379,3,"MIN",24,369,3,6,6,54
2002,13,2002-12-01 13:00:00,"ARI",0,122,4,"KC",49,477,1,-49,49,49
2002,13,2002-12-01 13:02:00,"BAL",27,247,0,"CIN",23,381,2,4,4,50
2002,13,2002-12-01 13:02:00,"CHI",20,304,4,"GB",30,396,2,-10,10,50
2002,13,2002-12-01 13:02:00,"MIA",21,300,3,"BUF",38,431,0,-17,17,59
2002,13,2002-12-01 13:03:00,"TEN",32,476,1,"NYG",29,345,0,3,3,61
2002,13,2002-12-01 13:04:00,"CAR",13,234,2,"CLE",6,258,5,7,7,19
2002,13,2002-12-01 13:05:00,"PIT",25,403,1,"JAC",23,226,0,2,2,48
2002,13,2002-12-01 16:00:00,"HOU",3,165,2,"IND",19,278,1,-16,16,22
2002,13,2002-12-01 16:05:00,"DEN",27,417,3,"LAC",30,434,0,-3,3,57
2002,13,2002-12-01 16:15:00,"SEA",24,507,3,"SF",31,299,2,-7,7,55
2002,13,2002-12-01 16:15:00,"LAR",3,250,5,"PHI",10,265,4,-7,7,13
2002,13,2002-12-01 20:37:00,"TB",20,283,3,"NO",23,238,1,-3,3,43
2002,13,2002-12-02 21:08:00,"NYJ",20,274,2,"LV",26,411,0,-6,6,46
2002,14,2002-12-08 13:00:00,"LAR",10,202,3,"KC",49,293,0,-39,39,59
2002,14,2002-12-08 13:01:00,"ATL",10,181,1,"TB",34,421,0,-24,24,44
2002,14,2002-12-08 13:01:00,"HOU",24,47,1,"PIT",6,422,5,18,18,30
2002,14,2002-12-08 13:02:00,"BUF",17,390,5,"NE",27,275,0,-10,10,44
2002,14,2002-12-08 13:02:00,"CIN",31,340,1,"CAR",52,401,3,-21,21,83
2002,14,2002-12-08 13:02:00,"NYG",27,316,0,"WAS",21,447,5,6,6,48
2002,14,2002-12-08 13:02:00,"SF",31,401,1,"DAL",27,257,2,4,4,58
2002,14,2002-12-08 13:03:00,"CLE",21,417,2,"JAC",20,211,0,1,1,41
2002,14,2002-12-08 13:03:00,"IND",17,389,3,"TEN",27,348,1,-10,10,44
2002,14,2002-12-08 16:05:00,"NO",37,359,2,"BAL",25,410,5,12,12,62
2002,14,2002-12-08 16:05:00,"PHI",27,316,1,"SEA",20,367,3,7,7,47
2002,14,2002-12-08 16:06:00,"DET",20,203,1,"ARI",23,313,1,-3,3,43
2002,14,2002-12-08 16:15:00,"LV",27,393,0,"LAC",7,291,3,20,20,34
2002,14,2002-12-08 16:16:00,"DEN",13,369,1,"NYJ",19,281,0,-6,6,32
2002,14,2002-12-08 20:35:00,"MIN",22,316,1,"GB",26,328,2,-4,4,48
2002,14,2002-12-09 21:09:00,"CHI",9,195,4,"MIA",27,436,3,-18,18,36
2002,15,2002-12-15 13:01:00,"CAR",14,131,4,"PIT",30,332,2,-16,16,44
2002,15,2002-12-15 13:02:00,"BAL",23,298,0,"HOU",19,277,2,4,4,42
2002,15,2002-12-15 13:02:00,"IND",28,417,2,"CLE",23,349,0,5,5,51
2002,15,2002-12-15 13:02:00,"JAC",29,321,0,"CIN",15,300,2,14,14,44
2002,15,2002-12-15 13:02:00,"LV",17,218,2,"MIA",23,334,1,-6,6,40
2002,15,2002-12-15 13:02:00,"LAC",13,308,0,"BUF",20,256,1,-7,7,33
2002,15,2002-12-15 13:02:00,"WAS",21,292,3,"PHI",34,320,1,-13,13,55
2002,15,2002-12-15 13:03:00,"SEA",30,464,3,"ATL",24,373,3,6,6,54
2002,15,2002-12-15 13:04:00,"MIN",32,439,0,"NO",31,299,0,1,1,63
2002,15,2002-12-15 13:04:00,"TB",23,376,0,"DET",20,292,1,3,3,43
2002,15,2002-12-15 13:05:00,"NYJ",13,334,1,"CHI",20,266,0,-7,7,33
2002,15,2002-12-15 16:05:00,"KC",24,494,0,"DEN",31,482,3,-7,7,55
2002,15,2002-12-15 16:15:00,"GB",20,302,0,"SF",14,263,1,6,6,34
2002,15,2002-12-15 16:16:00,"DAL",7,241,3,"NYG",37,377,0,-30,30,44
2002,15,2002-12-15 20:35:00,"ARI",28,378,2,"LAR",30,366,2,-2,2,58
2002,15,2002-12-16 21:08:00,"NE",7,176,2,"TEN",24,365,1,-17,17,31
2002,16,2002-12-21 13:30:00,"MIA",17,239,2,"MIN",20,368,3,-3,3,37
2002,16,2002-12-21 17:05:00,"SF",17,358,2,"ARI",14,184,2,3,3,31
2002,16,2002-12-21 20:39:00,"PHI",27,359,2,"DAL",3,146,3,24,24,30
2002,16,2002-12-22 13:00:00,"NYG",44,469,3,"IND",27,399,2,17,17,71
2002,16,2002-12-22 13:00:00,"LAC",22,383,1,"KC",24,376,1,-2,2,46
2002,16,2002-12-22 13:02:00,"BUF",0,185,6,"GB",10,223,2,-10,10,10
2002,16,2002-12-22 13:02:00,"CHI",14,186,4,"CAR",24,253,2,-10,10,38
2002,16,2002-12-22 13:02:00,"HOU",10,166,3,"WAS",26,437,0,-16,16,36
2002,16,2002-12-22 13:02:00,"NO",13,210,2,"CIN",20,423,4,-7,7,33
2002,16,2002-12-22 13:03:00,"DET",15,208,3,"ATL",36,533,2,-21,21,51
2002,16,2002-12-22 13:03:00,"TEN",28,298,0,"JAC",10,214,1,18,18,38
2002,16,2002-12-22 16:05:00,"LAR",10,271,5,"SEA",30,392,1,-20,20,40
2002,16,2002-12-22 16:15:00,"CLE",14,256,1,"BAL",13,275,1,1,1,27
2002,16,2002-12-22 16:15:00,"DEN",16,324,3,"LV",28,322,2,-12,12,44
2002,16,2002-12-22 20:36:00,"NYJ",30,393,0,"NE",17,216,2,13,13,47
2002,16,2002-12-23 21:05:00,"PIT",17,327,1,"TB",7,277,3,10,10,24
2002,17,2002-12-28 13:36:00,"PHI",7,209,1,"NYG",10,461,4,-3,3,17
2002,17,2002-12-28 17:15:00,"KC",0,176,1,"LV",24,354,1,-24,24,24
2002,17,2002-12-29 13:02:00,"ATL",16,331,3,"CLE",24,318,4,-8,8,40
2002,17,2002-12-29 13:02:00,"BAL",31,422,4,"PIT",34,351,2,-3,3,65
2002,17,2002-12-29 13:02:00,"CAR",10,273,3,"NO",6,244,3,4,4,16
2002,17,2002-12-29 13:02:00,"CIN",9,317,3,"BUF",27,324,3,-18,18,36
2002,17,2002-12-29 13:02:00,"DAL",14,186,4,"WAS",20,352,5,-6,6,34
2002,17,2002-12-29 13:02:00,"MIA",24,359,0,"NE",27,332,2,-3,3,51
2002,17,2002-12-29 13:02:00,"MIN",38,450,2,"DET",36,386,3,2,2,74
2002,17,2002-12-29 13:03:00,"TEN",13,277,0,"HOU",3,224,1,10,10,16
2002,17,2002-12-29 16:05:00,"JAC",13,266,1,"IND",20,272,1,-7,7,33
2002,17,2002-12-29 16:15:00,"SEA",31,591,3,"LAC",28,414,1,3,3,59
2002,17,2002-12-29 16:16:00,"ARI",7,207,2,"DEN",37,450,0,-30,30,44
2002,17,2002-12-29 16:16:00,"GB",17,322,1,"NYJ",42,337,0,-25,25,59
2002,17,2002-12-29 20:36:00,"TB",15,272,0,"CHI",0,218,4,15,15,15
2002,17,2002-12-30 21:07:00,"SF",20,329,2,"LAR",31,263,2,-11,11,51
2002,101,2003-01-04 16:39:00,"IND",0,176,3,"NYJ",41,396,0,-41,41,41
2002,101,2003-01-04 20:08:00,"ATL",27,309,0,"GB",7,289,5,20,20,34
2002,101,2003-01-05 13:01:00,"CLE",33,447,1,"PIT",36,432,3,-3,3,69
2002,101,2003-01-05 16:47:00,"NYG",38,446,1,"SF",39,446,2,-1,1,77
2002,102,2003-01-11 16:36:00,"PIT",31,324,1,"TEN",34,430,4,-3,3,65
2002,102,2003-01-11 20:21:00,"ATL",6,354,2,"PHI",20,318,0,-14,14,26
2002,102,2003-01-12 13:01:00,"SF",6,228,5,"TB",31,329,2,-25,25,37
2002,102,2003-01-12 16:45:00,"NYJ",10,287,4,"LV",30,399,1,-20,20,40
2002,103,2003-01-19 15:08:00,"TB",27,308,1,"PHI",10,312,3,17,17,37
2002,103,2003-01-19 18:47:00,"TEN",24,312,2,"LV",41,375,1,-17,17,65
2002,104,2003-01-26 18:26:00,"LV",21,269,5,"TB",48,365,1,-27,27,69
2003,1,2003-09-04 21:09:00,"NYJ",13,158,0,"WAS",16,327,2,-3,3,29
2003,1,2003-09-07 13:00:00,"LAC",14,232,2,"KC",27,390,2,-13,13,41
2003,1,2003-09-07 13:04:00,"BAL",15,231,2,"PIT",34,339,1,-19,19,49
2003,1,2003-09-07 13:04:00,"JAC",23,331,1,"CAR",24,242,2,-1,1,47
2003,1,2003-09-07 13:04:00,"MIN",30,337,2,"GB",25,304,5,5,5,55
2003,1,2003-09-07 13:04:00,"NE",0,239,4,"BUF",31,322,2,-31,31,31
2003,1,2003-09-07 13:05:00,"LAR",13,355,4,"NYG",23,336,3,-10,10,36
2003,1,2003-09-07 13:06:00,"ARI",24,434,3,"DET",42,261,0,-18,18,66
2003,1,2003-09-07 13:06:00,"DEN",30,293,3,"CIN",10,294,4,20,20,40
2003,1,2003-09-07 13:06:00,"HOU",21,393,0,"MIA",20,301,3,1,1,41
2003,1,2003-09-07 13:06:00,"IND",9,271,2,"CLE",6,280,2,3,3,15
2003,1,2003-09-07 16:18:00,"NO",10,359,4,"SEA",27,270,0,-17,17,37
2003,1,2003-09-07 16:19:00,"ATL",27,318,1,"DAL",13,403,2,14,14,40
2003,1,2003-09-07 16:19:00,"CHI",7,127,5,"SF",49,391,2,-42,42,56
2003,1,2003-09-07 20:51:00,"LV",20,280,1,"TEN",25,334,2,-5,5,45
2003,1,2003-09-08 21:09:00,"TB",17,328,1,"PHI",0,245,2,17,17,17
2003,2,2003-09-14 13:00:00,"PIT",20,380,4,"KC",41,282,2,-21,21,61
2003,2,2003-09-14 13:00:00,"TEN",7,236,2,"IND",33,291,0,-26,26,40
2003,2,2003-09-14 13:02:00,"CLE",13,175,3,"BAL",33,393,3,-20,20,46
2003,2,2003-09-14 13:02:00,"DET",6,293,3,"GB",31,332,2,-25,25,37
2003,2,2003-09-14 13:02:00,"HOU",10,258,2,"NO",31,292,0,-21,21,41
2003,2,2003-09-14 13:02:00,"MIA",21,376,1,"NYJ",10,387,1,11,11,31
2003,2,2003-09-14 13:02:00,"SF",24,390,1,"LAR",27,278,4,-3,3,51
2003,2,2003-09-14 13:03:00,"BUF",38,371,0,"JAC",17,287,0,21,21,55
2003,2,2003-09-14 13:03:00,"WAS",33,435,2,"ATL",31,283,2,2,2,64
2003,2,2003-09-14 16:05:00,"CAR",12,258,2,"TB",9,397,1,3,3,21
2003,2,2003-09-14 16:06:00,"SEA",38,323,0,"ARI",0,286,6,38,38,38
2003,2,2003-09-14 16:15:00,"CIN",20,416,2,"LV",23,237,0,-3,3,43
2003,2,2003-09-14 16:15:00,"DEN",37,382,0,"LAC",13,303,1,24,24,50
2003,2,2003-09-14 16:15:00,"NE",31,309,0,"PHI",10,268,6,21,21,41
2003,2,2003-09-14 20:30:00,"CHI",13,208,1,"MIN",24,400,1,-11,11,37
2003,2,2003-09-15 21:08:00,"DAL",35,403,1,"NYG",32,309,3,3,3,67
2003,3,2003-09-21 13:00:00,"JAC",13,266,1,"IND",23,289,1,-10,10,36
2003,3,2003-09-21 13:02:00,"KC",42,426,2,"HOU",14,316,4,28,28,56
2003,3,2003-09-21 13:02:00,"NYJ",16,329,1,"NE",23,294,1,-7,7,39
2003,3,2003-09-21 13:02:00,"PIT",17,376,1,"CIN",10,182,1,7,7,27
2003,3,2003-09-21 13:03:00,"MIN",23,414,1,"DET",13,302,3,10,10,36
2003,3,2003-09-21 13:03:00,"NO",12,188,2,"TEN",27,385,1,-15,15,39
2003,3,2003-09-21 13:03:00,"TB",31,316,1,"ATL",10,136,5,21,21,41
2003,3,2003-09-21 16:05:00,"NYG",24,399,0,"WAS",21,456,1,3,3,45
2003,3,2003-09-21 16:06:00,"GB",13,311,2,"ARI",20,354,1,-7,7,33
2003,3,2003-09-21 16:06:00,"LAR",23,308,3,"SEA",24,316,1,-1,1,47
2003,3,2003-09-21 16:15:00,"BAL",24,249,1,"LAC",10,389,3,14,14,34
2003,3,2003-09-21 16:15:00,"CLE",13,251,2,"SF",12,265,1,1,1,25
2003,3,2003-09-21 20:36:00,"BUF",7,118,3,"MIA",17,313,3,-10,10,24
2003,3,2003-09-22 21:09:00,"LV",10,195,1,"DEN",31,383,1,-21,21,41
2003,4,2003-09-28 13:01:00,"TEN",30,198,0,"PIT",13,376,2,17,17,43
2003,4,2003-09-28 13:02:00,"ARI",13,161,3,"LAR",37,401,1,-24,24,50
2003,4,2003-09-28 13:02:00,"PHI",23,335,0,"BUF",13,308,1,10,10,36
2003,4,2003-09-28 13:03:00,"CIN",21,295,0,"CLE",14,339,1,7,7,35
2003,4,2003-09-28 13:03:00,"NE",17,387,4,"WAS",20,253,0,-3,3,37
2003,4,2003-09-28 13:03:00,"SF",7,372,3,"MIN",35,354,0,-28,28,42
2003,4,2003-09-28 13:05:00,"JAC",20,342,5,"HOU",24,339,4,-4,4,44
2003,4,2003-09-28 16:05:00,"KC",17,265,0,"BAL",10,326,4,7,7,27
2003,4,2003-09-28 16:05:00,"LAC",31,430,1,"LV",34,448,2,-3,3,65
2003,4,2003-09-28 16:15:00,"ATL",3,267,1,"CAR",23,361,1,-20,20,26
2003,4,2003-09-28 16:15:00,"DAL",17,360,1,"NYJ",6,285,2,11,11,23
2003,4,2003-09-28 16:15:00,"DET",16,285,0,"DEN",20,332,1,-4,4,36
2003,4,2003-09-28 20:37:00,"IND",55,418,0,"NO",21,363,4,34,34,76
2003,4,2003-09-29 21:09:00,"GB",38,380,1,"CHI",23,361,2,15,15,61
2003,5,2003-10-05 13:00:00,"DEN",23,468,1,"KC",24,262,2,-1,1,47
2003,5,2003-10-05 13:02:00,"ARI",7,151,2,"DAL",24,365,1,-17,17,31
2003,5,2003-10-05 13:02:00,"CIN",16,279,2,"BUF",22,257,0,-6,6,38
2003,5,2003-10-05 13:02:00,"NO",13,344,1,"CAR",19,309,1,-6,6,32
2003,5,2003-10-05 13:02:00,"LV",21,301,2,"CHI",24,344,3,-3,3,45
2003,5,2003-10-05 13:02:00,"SEA",13,343,2,"GB",35,336,0,-22,22,48
2003,5,2003-10-05 13:02:00,"TEN",30,411,1,"NE",38,354,0,-8,8,68
2003,5,2003-10-05 13:03:00,"MIA",23,285,1,"NYG",10,350,4,13,13,33
2003,5,2003-10-05 13:05:00,"MIN",39,399,1,"ATL",26,440,3,13,13,65
2003,5,2003-10-05 16:05:00,"LAC",21,346,2,"JAC",27,436,1,-6,6,48
2003,5,2003-10-05 16:15:00,"DET",17,305,2,"SF",24,325,1,-7,7,41
2003,5,2003-10-05 16:15:00,"WAS",25,307,2,"PHI",27,267,2,-2,2,52
2003,5,2003-10-05 20:35:00,"CLE",33,324,2,"PIT",13,209,3,20,20,46
2003,5,2003-10-06 21:15:00,"IND",38,455,2,"TB",35,457,1,3,3,73
2003,6,2003-10-12 13:00:00,"CAR",23,341,2,"IND",20,369,3,3,3,43
2003,6,2003-10-12 13:01:00,"MIA",24,234,2,"JAC",10,332,5,14,14,34
2003,6,2003-10-12 13:02:00,"KC",40,482,0,"GB",34,440,2,6,6,74
2003,6,2003-10-12 13:02:00,"NYG",6,382,5,"NE",17,220,0,-11,11,23
2003,6,2003-10-12 13:03:00,"CHI",13,271,2,"NO",20,283,0,-7,7,33
2003,6,2003-10-12 13:03:00,"HOU",17,458,3,"TEN",38,535,1,-21,21,55
2003,6,2003-10-12 13:03:00,"LV",7,254,0,"CLE",13,284,1,-6,6,20
2003,6,2003-10-12 13:03:00,"PHI",21,232,1,"DAL",23,292,1,-2,2,44
2003,6,2003-10-12 13:03:00,"TB",35,379,0,"WAS",13,275,3,22,22,48
2003,6,2003-10-12 16:15:00,"BUF",3,193,4,"NYJ",30,233,0,-27,27,33
2003,6,2003-10-12 16:15:00,"PIT",14,215,1,"DEN",17,242,3,-3,3,31
2003,6,2003-10-12 16:16:00,"BAL",26,285,0,"ARI",18,320,3,8,8,44
2003,6,2003-10-12 20:37:00,"SF",19,261,1,"SEA",20,333,1,-1,1,39
2003,6,2003-10-13 21:00:00,"ATL",0,209,4,"LAR",36,496,3,-36,36,36
2003,7,2003-10-19 13:00:00,"DEN",20,321,3,"MIN",28,340,0,-8,8,48
2003,7,2003-10-19 13:02:00,"BAL",26,401,3,"CIN",34,303,0,-8,8,60
2003,7,2003-10-19 13:02:00,"GB",24,372,4,"LAR",34,370,2,-10,10,58
2003,7,2003-10-19 13:02:00,"LAC",26,289,2,"CLE",20,277,2,6,6,46
2003,7,2003-10-19 13:02:00,"TEN",37,348,0,"CAR",17,383,4,20,20,54
2003,7,2003-10-19 13:03:00,"DAL",38,331,1,"DET",7,157,4,31,31,45
2003,7,2003-10-19 13:03:00,"NE",19,332,2,"MIA",13,326,3,6,6,32
2003,7,2003-10-19 13:03:00,"NO",45,506,1,"ATL",17,238,1,28,28,62
2003,7,2003-10-19 13:03:00,"PHI",14,134,2,"NYG",10,339,2,4,4,24
2003,7,2003-10-19 16:05:00,"NYJ",19,300,0,"HOU",14,325,0,5,5,33
2003,7,2003-10-19 16:15:00,"CHI",17,211,2,"SEA",24,335,2,-7,7,41
2003,7,2003-10-19 16:15:00,"TB",7,326,4,"SF",24,458,2,-17,17,31
2003,7,2003-10-19 16:15:00,"WAS",7,169,1,"BUF",24,432,2,-17,17,31
2003,7,2003-10-20 21:05:00,"KC",17,319,1,"LV",10,357,3,7,7,27
2003,8,2003-10-26 13:00:00,"NYG",29,450,1,"MIN",17,359,2,12,12,46
2003,8,2003-10-26 13:01:00,"DAL",0,178,3,"TB",16,261,0,-16,16,16
2003,8,2003-10-26 13:01:00,"TEN",30,320,1,"JAC",17,293,3,13,13,47
2003,8,2003-10-26 13:02:00,"CLE",3,203,1,"NE",9,347,0,-6,6,12
2003,8,2003-10-26 13:02:00,"DEN",6,194,2,"BAL",26,277,0,-20,20,32
2003,8,2003-10-26 13:02:00,"SEA",24,459,5,"CIN",27,412,0,-3,3,51
2003,8,2003-10-26 13:02:00,"LAR",33,448,0,"PIT",21,245,4,12,12,54
2003,8,2003-10-26 13:03:00,"CAR",23,368,0,"NO",20,294,3,3,3,43
2003,8,2003-10-26 13:03:00,"DET",16,260,2,"CHI",24,261,0,-8,8,40
2003,8,2003-10-26 16:06:00,"SF",13,255,1,"ARI",16,314,1,-3,3,29
2003,8,2003-10-26 16:13:00,"NYJ",17,377,2,"PHI",24,306,2,-7,7,41
2003,8,2003-10-26 16:15:00,"HOU",21,270,2,"IND",30,391,1,-9,9,51
2003,8,2003-10-26 20:30:00,"BUF",5,266,7,"KC",38,375,0,-33,33,43
2003,8,2003-10-27 21:09:00,"MIA",26,264,1,"LAC",10,250,3,16,16,36
2003,9,2003-11-02 13:02:00,"CAR",10,367,1,"HOU",14,267,0,-4,4,24
2003,9,2003-11-02 13:02:00,"JAC",17,320,3,"BAL",24,259,2,-7,7,41
2003,9,2003-11-02 13:03:00,"NYG",31,413,0,"NYJ",28,392,4,3,3,59
2003,9,2003-11-02 13:03:00,"LV",13,265,4,"DET",23,229,2,-10,10,36
2003,9,2003-11-02 13:04:00,"IND",23,356,2,"MIA",17,239,2,6,6,40
2003,9,2003-11-02 13:05:00,"NO",17,257,1,"TB",14,352,6,3,3,31
2003,9,2003-11-02 13:05:00,"LAC",7,199,1,"CHI",20,341,1,-13,13,27
2003,9,2003-11-02 16:05:00,"CIN",14,263,2,"ARI",17,304,1,-3,3,31
2003,9,2003-11-02 16:06:00,"PIT",16,320,0,"SEA",23,289,0,-7,7,39
2003,9,2003-11-02 16:15:00,"PHI",23,430,0,"ATL",16,278,2,7,7,39
2003,9,2003-11-02 16:15:00,"WAS",14,213,0,"DAL",21,400,4,-7,7,35
2003,9,2003-11-02 16:17:00,"LAR",10,340,3,"SF",30,389,2,-20,20,40
2003,9,2003-11-02 20:35:00,"GB",30,451,1,"MIN",27,323,0,3,3,57
2003,9,2003-11-03 21:09:00,"NE",30,419,2,"DEN",26,277,1,4,4,56
2003,10,2003-11-09 13:00:00,"CLE",20,199,2,"KC",41,443,2,-21,21,61
2003,10,2003-11-09 13:02:00,"ARI",15,379,1,"PIT",28,246,1,-13,13,43
2003,10,2003-11-09 13:02:00,"IND",23,394,2,"JAC",28,353,2,-5,5,51
2003,10,2003-11-09 13:02:00,"MIA",7,224,5,"TEN",31,324,0,-24,24,38
2003,10,2003-11-09 13:02:00,"SEA",20,346,3,"WAS",27,379,2,-7,7,47
2003,10,2003-11-09 13:02:00,"TB",24,347,1,"CAR",27,341,2,-3,3,51
2003,10,2003-11-09 13:03:00,"CHI",10,199,1,"DET",12,248,0,-2,2,22
2003,10,2003-11-09 13:03:00,"HOU",27,269,1,"CIN",34,422,1,-7,7,61
2003,10,2003-11-09 13:04:00,"ATL",27,274,0,"NYG",7,320,4,20,20,34
2003,10,2003-11-09 16:05:00,"MIN",28,460,2,"LAC",42,458,0,-14,14,70
2003,10,2003-11-09 16:15:00,"BUF",6,185,2,"DAL",10,236,0,-4,4,16
2003,10,2003-11-09 16:15:00,"NYJ",27,424,0,"LV",24,355,1,3,3,51
2003,10,2003-11-09 20:38:00,"BAL",22,267,7,"LAR",33,121,4,-11,11,55
2003,10,2003-11-10 21:08:00,"PHI",17,282,0,"GB",14,309,3,3,3,31
2003,11,2003-11-16 13:01:00,"HOU",12,245,1,"BUF",10,335,1,2,2,22
2003,11,2003-11-16 13:01:00,"NYG",10,361,1,"PHI",28,376,1,-18,18,38
2003,11,2003-11-16 13:02:00,"JAC",3,271,2,"TEN",10,246,3,-7,7,13
2003,11,2003-11-16 13:03:00,"ARI",6,187,4,"CLE",44,481,0,-38,38,50
2003,11,2003-11-16 13:03:00,"BAL",6,223,3,"MIA",9,267,1,-3,3,15
2003,11,2003-11-16 13:03:00,"KC",19,371,0,"CIN",24,422,0,-5,5,43
2003,11,2003-11-16 13:03:00,"LAR",23,320,3,"CHI",21,241,2,2,2,44
2003,11,2003-11-16 13:03:00,"WAS",17,181,2,"CAR",20,427,4,-3,3,37
2003,11,2003-11-16 13:04:00,"ATL",20,244,3,"NO",23,403,4,-3,3,43
2003,11,2003-11-16 16:05:00,"NYJ",31,324,0,"IND",38,538,0,-7,7,69
2003,11,2003-11-16 16:05:00,"LAC",8,96,4,"DEN",37,448,3,-29,29,45
2003,11,2003-11-16 16:15:00,"GB",20,282,1,"TB",13,285,3,7,7,33
2003,11,2003-11-16 16:15:00,"MIN",18,467,6,"LV",28,375,2,-10,10,46
2003,11,2003-11-16 16:16:00,"DET",14,357,2,"SEA",35,366,0,-21,21,49
2003,11,2003-11-16 20:37:00,"DAL",0,291,3,"NE",12,268,1,-12,12,12
2003,11,2003-11-17 21:09:00,"PIT",14,349,2,"SF",30,423,0,-16,16,44
2003,12,2003-11-23 13:00:00,"DET",14,241,4,"MIN",24,307,2,-10,10,38
2003,12,2003-11-23 13:02:00,"CAR",20,244,2,"DAL",24,319,1,-4,4,44
2003,12,2003-11-23 13:02:00,"IND",17,326,1,"BUF",14,228,1,3,3,31
2003,12,2003-11-23 13:02:00,"NE",23,472,3,"HOU",20,169,2,3,3,43
2003,12,2003-11-23 13:02:00,"NO",20,466,3,"PHI",33,448,0,-13,13,53
2003,12,2003-11-23 13:02:00,"PIT",13,168,0,"CLE",6,303,5,7,7,19
2003,12,2003-11-23 13:02:00,"SF",10,192,1,"GB",20,379,3,-10,10,30
2003,12,2003-11-23 13:02:00,"SEA",41,426,3,"BAL",44,426,2,-3,3,85
2003,12,2003-11-23 13:03:00,"JAC",10,330,2,"NYJ",13,282,1,-3,3,23
2003,12,2003-11-23 16:05:00,"CHI",19,217,0,"DEN",10,365,0,9,9,29
2003,12,2003-11-23 16:06:00,"LAR",30,415,5,"ARI",27,358,2,3,3,57
2003,12,2003-11-23 16:15:00,"CIN",34,444,1,"LAC",27,325,0,7,7,61
2003,12,2003-11-23 16:15:00,"LV",24,379,0,"KC",27,384,0,-3,3,51
2003,12,2003-11-23 16:15:00,"TEN",38,347,1,"ATL",31,282,2,7,7,69
2003,12,2003-11-23 20:37:00,"WAS",23,277,2,"MIA",24,317,3,-1,1,47
2003,12,2003-11-24 21:10:00,"NYG",13,212,4,"TB",19,358,3,-6,6,32
2003,13,2003-11-27 12:37:00,"GB",14,320,5,"DET",22,266,1,-8,8,36
2003,13,2003-11-27 16:16:00,"MIA",40,365,1,"DAL",21,354,5,19,19,61
2003,13,2003-11-30 13:00:00,"NE",38,282,3,"IND",34,370,2,4,4,72
2003,13,2003-11-30 13:01:00,"CIN",24,379,0,"PIT",20,384,2,4,4,44
2003,13,2003-11-30 13:02:00,"BUF",24,403,0,"NYG",7,222,1,17,17,31
2003,13,2003-11-30 13:02:00,"MIN",17,465,3,"LAR",48,396,1,-31,31,65
2003,13,2003-11-30 13:02:00,"PHI",25,283,2,"CAR",16,336,1,9,9,41
2003,13,2003-11-30 13:02:00,"SF",6,264,4,"BAL",44,282,2,-38,38,50
2003,13,2003-11-30 13:03:00,"ARI",3,197,3,"CHI",28,422,1,-25,25,31
2003,13,2003-11-30 13:03:00,"ATL",13,243,1,"HOU",17,236,1,-4,4,30
2003,13,2003-11-30 16:05:00,"NO",24,310,0,"WAS",20,392,3,4,4,44
2003,13,2003-11-30 16:15:00,"CLE",7,214,3,"SEA",34,463,1,-27,27,41
2003,13,2003-11-30 16:15:00,"DEN",22,287,1,"LV",8,262,3,14,14,30
2003,13,2003-11-30 16:15:00,"KC",28,335,2,"LAC",24,370,3,4,4,52
2003,13,2003-11-30 20:36:00,"TB",10,221,1,"JAC",17,359,1,-7,7,27
2003,13,2003-12-01 21:09:00,"TEN",17,347,2,"NYJ",24,320,2,-7,7,41
2003,14,2003-12-07 13:00:00,"SEA",7,258,3,"MIN",34,465,0,-27,27,41
2003,14,2003-12-07 13:01:00,"LV",7,161,3,"PIT",27,399,2,-20,20,34
2003,14,2003-12-07 13:02:00,"CHI",21,275,5,"GB",34,307,1,-13,13,55
2003,14,2003-12-07 13:02:00,"CIN",13,268,5,"BAL",31,353,3,-18,18,44
2003,14,2003-12-07 13:02:00,"HOU",0,124,3,"JAC",27,390,0,-27,27,27
2003,14,2003-12-07 13:02:00,"WAS",20,288,0,"NYG",7,220,3,13,13,27
2003,14,2003-12-07 13:03:00,"DAL",10,225,2,"PHI",36,403,0,-26,26,46
2003,14,2003-12-07 13:03:00,"IND",29,340,0,"TEN",27,327,4,2,2,56
2003,14,2003-12-07 13:03:00,"LAC",14,375,2,"DET",7,276,0,7,7,21
2003,14,2003-12-07 13:03:00,"TB",14,314,1,"NO",7,292,3,7,7,21
2003,14,2003-12-07 16:05:00,"ARI",14,210,2,"SF",50,496,1,-36,36,64
2003,14,2003-12-07 16:15:00,"KC",27,444,0,"DEN",45,508,0,-18,18,72
2003,14,2003-12-07 16:15:00,"MIA",0,134,3,"NE",12,228,1,-12,12,12
2003,14,2003-12-07 16:15:00,"NYJ",6,215,1,"BUF",17,256,2,-11,11,23
2003,14,2003-12-07 20:37:00,"CAR",14,231,3,"ATL",20,380,2,-6,6,34
2003,14,2003-12-08 21:09:00,"LAR",26,328,1,"CLE",20,309,4,6,6,46
2003,15,2003-12-14 13:00:00,"ATL",7,154,2,"IND",38,465,2,-31,31,45
2003,15,2003-12-14 13:00:00,"DET",17,334,2,"KC",45,521,0,-28,28,62
2003,15,2003-12-14 13:01:00,"HOU",3,107,0,"TB",16,398,0,-13,13,19
2003,15,2003-12-14 13:02:00,"JAC",13,354,2,"NE",27,296,1,-14,14,40
2003,15,2003-12-14 13:02:00,"SEA",22,366,1,"LAR",27,316,1,-5,5,49
2003,15,2003-12-14 13:03:00,"BUF",26,241,1,"TEN",28,349,1,-2,2,54
2003,15,2003-12-14 13:03:00,"MIN",10,393,1,"CHI",13,232,0,-3,3,23
2003,15,2003-12-14 13:03:00,"PIT",0,231,0,"NYJ",6,319,1,-6,6,6
2003,15,2003-12-14 13:03:00,"SF",38,502,3,"CIN",41,393,0,-3,3,79
2003,15,2003-12-14 16:05:00,"BAL",12,319,3,"LV",20,265,0,-8,8,32
2003,15,2003-12-14 16:05:00,"CLE",20,275,1,"DEN",23,417,1,-3,3,43
2003,15,2003-12-14 16:15:00,"GB",38,361,1,"LAC",21,424,4,17,17,59
2003,15,2003-12-14 16:16:00,"CAR",20,298,2,"ARI",17,317,2,3,3,37
2003,15,2003-12-14 16:17:00,"DAL",27,326,1,"WAS",0,161,6,27,27,27
2003,15,2003-12-14 20:36:00,"NYG",7,241,2,"NO",45,440,1,-38,38,52
2003,15,2003-12-15 21:09:00,"PHI",34,401,1,"MIA",27,398,2,7,7,61
2003,16,2003-12-20 13:32:00,"ATL",30,267,1,"TB",28,440,4,2,2,58
2003,16,2003-12-20 17:15:00,"KC",20,329,4,"MIN",45,469,1,-25,25,65
2003,16,2003-12-20 20:37:00,"NE",21,271,1,"NYJ",16,321,5,5,5,37
2003,16,2003-12-21 13:02:00,"CIN",10,286,3,"LAR",27,371,1,-17,17,37
2003,16,2003-12-21 13:02:00,"MIA",20,169,2,"BUF",3,177,4,17,17,23
2003,16,2003-12-21 13:02:00,"NO",19,350,1,"JAC",20,374,2,-1,1,39
2003,16,2003-12-21 13:02:00,"NYG",3,213,0,"DAL",19,326,0,-16,16,22
2003,16,2003-12-21 13:03:00,"BAL",35,359,1,"CLE",0,211,4,35,35,35
2003,16,2003-12-21 13:03:00,"DET",14,106,1,"CAR",20,384,2,-6,6,34
2003,16,2003-12-21 13:03:00,"TEN",27,450,1,"HOU",24,326,3,3,3,51
2003,16,2003-12-21 13:03:00,"WAS",24,286,0,"CHI",27,429,2,-3,3,51
2003,16,2003-12-21 16:05:00,"LAC",24,344,3,"PIT",40,341,0,-16,16,64
2003,16,2003-12-21 16:15:00,"ARI",10,299,1,"SEA",28,340,4,-18,18,38
2003,16,2003-12-21 16:15:00,"SF",31,414,1,"PHI",28,293,3,3,3,59
2003,16,2003-12-21 20:35:00,"DEN",31,465,1,"IND",17,183,0,14,14,48
2003,16,2003-12-22 21:05:00,"GB",41,548,0,"LV",7,298,3,34,34,48
2003,17,2003-12-27 13:35:00,"BUF",0,256,4,"NE",31,321,1,-31,31,31
2003,17,2003-12-27 17:15:00,"SEA",24,394,3,"SF",17,290,1,7,7,41
2003,17,2003-12-27 20:36:00,"PHI",31,332,0,"WAS",7,260,2,24,24,38
2003,17,2003-12-28 13:00:00,"CHI",3,241,2,"KC",31,282,1,-28,28,34
2003,17,2003-12-28 13:02:00,"CLE",22,379,0,"CIN",14,271,1,8,8,36
2003,17,2003-12-28 13:03:00,"DAL",7,352,3,"NO",13,291,0,-6,6,20
2003,17,2003-12-28 13:03:00,"IND",20,418,2,"HOU",17,204,1,3,3,37
2003,17,2003-12-28 13:03:00,"JAC",14,320,1,"ATL",21,344,1,-7,7,35
2003,17,2003-12-28 13:03:00,"NYJ",21,285,0,"MIA",23,397,1,-2,2,44
2003,17,2003-12-28 13:03:00,"LAR",20,194,3,"DET",30,342,2,-10,10,50
2003,17,2003-12-28 13:03:00,"TB",13,274,4,"TEN",33,344,1,-20,20,46
2003,17,2003-12-28 16:05:00,"CAR",37,251,2,"NYG",24,175,5,13,13,61
2003,17,2003-12-28 16:05:00,"MIN",17,342,2,"ARI",18,219,1,-1,1,35
2003,17,2003-12-28 16:15:00,"DEN",3,216,3,"GB",31,366,1,-28,28,34
2003,17,2003-12-28 16:15:00,"LV",14,141,1,"LAC",21,337,0,-7,7,35
2003,17,2003-12-28 20:36:00,"PIT",10,214,5,"BAL",13,279,2,-3,3,23
2003,101,2004-01-03 16:37:00,"TEN",20,324,3,"BAL",17,255,2,3,3,37
2003,101,2004-01-03 20:09:00,"DAL",10,204,2,"CAR",29,380,0,-19,19,39
2003,101,2004-01-04 13:04:00,"SEA",27,340,1,"GB",33,397,0,-6,6,60
2003,101,2004-01-04 16:42:00,"DEN",10,322,3,"IND",41,479,1,-31,31,51
2003,102,2004-01-10 16:30:00,"CAR",29,485,1,"LAR",23,380,3,6,6,52
2003,102,2004-01-10 20:15:00,"TEN",14,284,1,"NE",17,297,1,-3,3,31
2003,102,2004-01-11 13:00:00,"IND",38,434,0,"KC",31,408,1,7,7,69
2003,102,2004-01-11 16:46:00,"GB",17,381,1,"PHI",20,363,1,-3,3,37
2003,103,2004-01-18 15:06:00,"IND",14,306,5,"NE",24,349,2,-10,10,38
2003,103,2004-01-18 18:50:00,"CAR",14,256,0,"PHI",3,289,4,11,11,17
2003,104,2004-02-01 18:25:00,"CAR",29,387,1,"NE",32,481,1,-3,3,61
2004,1,2004-09-09 21:08:00,"IND",24,446,3,"NE",27,402,2,-3,3,51
2004,1,2004-09-11 13:07:00,"TEN",17,243,1,"MIA",7,263,3,10,10,24
2004,1,2004-09-12 13:04:00,"ARI",10,260,0,"LAR",17,448,3,-7,7,27
2004,1,2004-09-12 13:04:00,"JAC",13,225,2,"BUF",10,242,2,3,3,23
2004,1,2004-09-12 13:04:00,"LV",21,358,4,"PIT",24,237,1,-3,3,45
2004,1,2004-09-12 13:05:00,"DET",20,262,1,"CHI",16,342,4,4,4,36
2004,1,2004-09-12 13:05:00,"LAC",27,324,0,"HOU",20,336,4,7,7,47
2004,1,2004-09-12 13:06:00,"SEA",21,415,2,"NO",7,281,3,14,14,28
2004,1,2004-09-12 13:06:00,"TB",10,169,2,"WAS",16,291,1,-6,6,26
2004,1,2004-09-12 13:07:00,"CIN",24,351,2,"NYJ",31,438,1,-7,7,55
2004,1,2004-09-12 13:08:00,"BAL",3,254,3,"CLE",20,250,0,-17,17,23
2004,1,2004-09-12 16:15:00,"DAL",17,423,2,"MIN",35,415,0,-18,18,52
2004,1,2004-09-12 16:19:00,"ATL",21,227,1,"SF",19,359,2,2,2,40
2004,1,2004-09-12 16:21:00,"NYG",17,413,1,"PHI",31,454,0,-14,14,48
2004,1,2004-09-12 20:39:00,"KC",24,318,1,"DEN",34,413,3,-10,10,58
2004,1,2004-09-13 21:09:00,"GB",24,279,0,"CAR",14,300,2,10,10,38
2004,2,2004-09-19 13:00:00,"CAR",28,358,2,"KC",17,281,2,11,11,45
2004,2,2004-09-19 13:02:00,"CHI",21,307,2,"GB",10,404,3,11,11,31
2004,2,2004-09-19 13:02:00,"DEN",6,356,1,"JAC",7,176,0,-1,1,13
2004,2,2004-09-19 13:02:00,"IND",31,373,1,"TEN",17,389,2,14,14,48
2004,2,2004-09-19 13:02:00,"PIT",13,310,3,"BAL",30,259,0,-17,17,43
2004,2,2004-09-19 13:03:00,"SF",27,370,3,"NO",30,302,1,-3,3,57
2004,2,2004-09-19 13:03:00,"LAR",17,280,2,"ATL",34,416,0,-17,17,51
2004,2,2004-09-19 13:04:00,"HOU",16,386,3,"DET",28,266,1,-12,12,44
2004,2,2004-09-19 13:04:00,"WAS",14,322,7,"NYG",20,277,1,-6,6,34
2004,2,2004-09-19 16:05:00,"SEA",10,182,1,"TB",6,271,3,4,4,16
2004,2,2004-09-19 16:15:00,"BUF",10,243,1,"LV",13,273,0,-3,3,23
2004,2,2004-09-19 16:15:00,"CLE",12,202,3,"DAL",19,441,4,-7,7,31
2004,2,2004-09-19 16:15:00,"NYJ",34,380,0,"LAC",28,327,4,6,6,62
2004,2,2004-09-19 16:16:00,"NE",23,379,3,"ARI",12,167,2,11,11,35
2004,2,2004-09-19 20:36:00,"MIA",13,226,3,"CIN",16,210,1,-3,3,29
2004,2,2004-09-20 21:09:00,"MIN",16,410,2,"PHI",27,317,1,-11,11,43
2004,3,2004-09-26 13:00:00,"CHI",22,385,1,"MIN",27,443,2,-5,5,49
2004,3,2004-09-26 13:00:00,"HOU",24,296,1,"KC",21,366,1,3,3,45
2004,3,2004-09-26 13:02:00,"BAL",23,380,2,"CIN",9,398,4,14,14,32
2004,3,2004-09-26 13:02:00,"CLE",10,285,3,"NYG",27,390,0,-17,17,37
2004,3,2004-09-26 13:02:00,"JAC",15,253,0,"TEN",12,249,1,3,3,27
2004,3,2004-09-26 13:02:00,"NO",28,462,0,"LAR",25,403,1,3,3,53
2004,3,2004-09-26 13:03:00,"PHI",30,402,1,"DET",13,256,1,17,17,43
2004,3,2004-09-26 13:05:00,"ARI",3,240,4,"ATL",6,283,4,-3,3,9
2004,3,2004-09-26 16:05:00,"LAC",13,214,1,"DEN",23,328,1,-10,10,36
2004,3,2004-09-26 16:15:00,"GB",31,459,2,"IND",45,453,0,-14,14,76
2004,3,2004-09-26 16:16:00,"SF",0,175,4,"SEA",34,374,0,-34,34,34
2004,3,2004-09-26 20:35:00,"TB",20,389,1,"LV",30,399,2,-10,10,50
2004,3,2004-09-26 20:36:00,"PIT",13,314,1,"MIA",3,169,4,10,10,16
2004,3,2004-09-27 21:10:00,"DAL",21,287,0,"WAS",18,384,0,3,3,39
2004,4,2004-10-03 13:01:00,"CIN",17,293,3,"PIT",28,333,2,-11,11,45
2004,4,2004-10-03 13:02:00,"IND",24,337,1,"JAC",17,408,1,7,7,41
2004,4,2004-10-03 13:02:00,"NE",31,397,1,"BUF",17,337,2,14,14,48
2004,4,2004-10-03 13:02:00,"NYG",14,403,1,"GB",7,301,3,7,7,21
2004,4,2004-10-03 13:02:00,"LV",17,375,5,"HOU",30,386,1,-13,13,47
2004,4,2004-10-03 13:02:00,"WAS",13,265,2,"CLE",17,280,1,-4,4,30
2004,4,2004-10-03 13:05:00,"PHI",19,376,1,"CHI",9,224,1,10,10,28
2004,4,2004-10-03 16:05:00,"ATL",27,313,0,"CAR",10,360,3,17,17,37
2004,4,2004-10-03 16:05:00,"NO",10,279,2,"ARI",34,373,1,-24,24,44
2004,4,2004-10-03 16:15:00,"DEN",16,249,0,"TB",13,269,1,3,3,29
2004,4,2004-10-03 16:15:00,"NYJ",17,235,1,"MIA",9,293,4,8,8,26
2004,4,2004-10-03 16:15:00,"TEN",17,330,0,"LAC",38,393,0,-21,21,55
2004,4,2004-10-03 20:38:00,"LAR",24,360,0,"SF",14,332,2,10,10,38
2004,4,2004-10-04 21:08:00,"KC",27,398,0,"BAL",24,207,0,3,3,51
2004,5,2004-10-10 13:00:00,"LV",14,269,3,"IND",35,338,1,-21,21,49
2004,5,2004-10-10 13:02:00,"CLE",23,305,1,"PIT",34,401,1,-11,11,57
2004,5,2004-10-10 13:02:00,"MIA",10,295,2,"NE",24,204,1,-14,14,34
2004,5,2004-10-10 13:02:00,"MIN",34,510,0,"HOU",28,410,0,6,6,62
2004,5,2004-10-10 13:03:00,"NYG",26,336,1,"DAL",10,278,2,16,16,36
2004,5,2004-10-10 13:03:00,"TB",20,319,1,"NO",17,251,2,3,3,37
2004,5,2004-10-10 13:05:00,"DET",17,227,0,"ATL",10,279,4,7,7,27
2004,5,2004-10-10 16:05:00,"JAC",21,429,3,"LAC",34,386,0,-13,13,55
2004,5,2004-10-10 16:06:00,"BUF",14,252,1,"NYJ",16,383,2,-2,2,30
2004,5,2004-10-10 16:15:00,"ARI",28,320,1,"SF",31,448,2,-3,3,59
2004,5,2004-10-10 16:15:00,"CAR",17,227,0,"DEN",20,434,2,-3,3,37
2004,5,2004-10-10 16:15:00,"LAR",33,441,3,"SEA",27,391,0,6,6,60
2004,5,2004-10-10 20:36:00,"BAL",17,232,3,"WAS",10,107,2,7,7,27
2004,5,2004-10-11 21:09:00,"TEN",48,456,0,"GB",27,437,6,21,21,75
2004,6,2004-10-17 13:01:00,"MIA",13,212,1,"BUF",20,341,0,-7,7,33
2004,6,2004-10-17 13:02:00,"HOU",20,345,2,"TEN",10,305,4,10,10,30
2004,6,2004-10-17 13:02:00,"KC",16,350,1,"JAC",22,378,0,-6,6,38
2004,6,2004-10-17 13:02:00,"LAC",20,318,1,"ATL",21,299,2,-1,1,41
2004,6,2004-10-17 13:02:00,"SEA",20,443,2,"NE",30,362,2,-10,10,50
2004,6,2004-10-17 13:03:00,"CIN",17,189,1,"CLE",34,449,4,-17,17,51
2004,6,2004-10-17 13:03:00,"GB",38,434,0,"DET",10,125,1,28,28,48
2004,6,2004-10-17 13:03:00,"SF",14,371,2,"NYJ",22,374,0,-8,8,36
2004,6,2004-10-17 13:03:00,"WAS",13,311,1,"CHI",10,160,1,3,3,23
2004,6,2004-10-17 13:04:00,"CAR",8,344,4,"PHI",30,283,1,-22,22,38
2004,6,2004-10-17 16:15:00,"DEN",31,444,1,"LV",3,145,2,28,28,34
2004,6,2004-10-17 16:15:00,"PIT",24,297,0,"DAL",20,348,1,4,4,44
2004,6,2004-10-17 20:36:00,"MIN",38,605,3,"NO",31,385,1,7,7,69
2004,6,2004-10-18 21:09:00,"TB",21,332,4,"LAR",28,324,2,-7,7,49
2004,7,2004-10-24 13:00:00,"ATL",10,222,2,"KC",56,540,1,-46,46,66
2004,7,2004-10-24 13:00:00,"JAC",27,414,2,"IND",24,446,2,3,3,51
2004,7,2004-10-24 13:00:00,"TEN",3,243,4,"MIN",20,313,0,-17,17,23
2004,7,2004-10-24 13:02:00,"BUF",6,270,5,"BAL",20,160,1,-14,14,26
2004,7,2004-10-24 13:02:00,"CHI",7,167,2,"TB",19,293,2,-12,12,26
2004,7,2004-10-24 13:02:00,"LAC",17,302,1,"CAR",6,263,1,11,11,23
2004,7,2004-10-24 13:02:00,"LAR",14,372,1,"MIA",31,323,0,-17,17,45
2004,7,2004-10-24 13:03:00,"DET",28,325,0,"NYG",13,325,2,15,15,41
2004,7,2004-10-24 13:03:00,"PHI",34,488,1,"CLE",31,394,3,3,3,65
2004,7,2004-10-24 16:05:00,"NYJ",7,268,1,"NE",13,343,1,-6,6,20
2004,7,2004-10-24 16:15:00,"DAL",20,362,0,"GB",41,480,0,-21,21,61
2004,7,2004-10-24 16:15:00,"NO",31,322,0,"LV",26,432,2,5,5,57
2004,7,2004-10-24 16:16:00,"SEA",17,257,4,"ARI",25,316,2,-8,8,42
2004,7,2004-10-25 21:09:00,"DEN",10,318,3,"CIN",23,321,1,-13,13,33
2004,8,2004-10-31 13:00:00,"IND",35,505,1,"KC",45,590,2,-10,10,80
2004,8,2004-10-31 13:00:00,"NYG",34,283,0,"MIN",13,324,3,21,21,47
2004,8,2004-10-31 13:02:00,"ARI",14,213,0,"BUF",38,209,0,-24,24,52
2004,8,2004-10-31 13:02:00,"JAC",6,287,2,"HOU",20,369,2,-14,14,26
2004,8,2004-10-31 13:03:00,"BAL",10,327,2,"PHI",15,298,1,-5,5,25
2004,8,2004-10-31 13:03:00,"CIN",20,274,2,"TEN",27,358,1,-7,7,47
2004,8,2004-10-31 13:03:00,"DET",21,284,1,"DAL",31,357,3,-10,10,52
2004,8,2004-10-31 13:03:00,"GB",28,361,4,"WAS",14,272,2,14,14,42
2004,8,2004-10-31 16:05:00,"ATL",41,467,1,"DEN",28,567,3,13,13,69
2004,8,2004-10-31 16:06:00,"CAR",17,342,1,"SEA",23,433,2,-6,6,40
2004,8,2004-10-31 16:15:00,"NE",20,248,4,"PIT",34,417,0,-14,14,54
2004,8,2004-10-31 16:15:00,"LV",14,281,3,"LAC",42,448,1,-28,28,56
2004,8,2004-10-31 20:36:00,"SF",13,162,2,"CHI",23,254,3,-10,10,36
2004,8,2004-11-01 21:08:00,"MIA",14,259,3,"NYJ",41,472,0,-27,27,55
2004,9,2004-11-07 13:00:00,"KC",31,459,3,"TB",34,418,0,-3,3,65
2004,9,2004-11-07 13:02:00,"ARI",24,270,1,"MIA",23,403,2,1,1,47
2004,9,2004-11-07 13:02:00,"DAL",3,311,5,"CIN",26,328,0,-23,23,29
2004,9,2004-11-07 13:02:00,"NYJ",17,282,2,"BUF",22,341,0,-5,5,39
2004,9,2004-11-07 13:02:00,"LV",27,297,1,"CAR",24,304,0,3,3,51
2004,9,2004-11-07 13:02:00,"PHI",3,113,1,"PIT",27,420,2,-24,24,30
2004,9,2004-11-07 13:04:00,"WAS",17,229,0,"DET",10,322,1,7,7,27
2004,9,2004-11-07 16:05:00,"NO",17,220,2,"LAC",43,402,0,-26,26,60
2004,9,2004-11-07 16:05:00,"SEA",42,453,0,"SF",27,317,1,15,15,69
2004,9,2004-11-07 16:06:00,"CHI",28,231,2,"NYG",21,258,5,7,7,49
2004,9,2004-11-07 16:15:00,"HOU",13,331,0,"DEN",31,364,0,-18,18,44
2004,9,2004-11-07 16:15:00,"NE",40,376,1,"LAR",22,340,3,18,18,62
2004,9,2004-11-07 20:36:00,"CLE",13,217,2,"BAL",27,240,1,-14,14,40
2004,9,2004-11-08 21:00:00,"MIN",28,292,1,"IND",31,408,0,-3,3,59
2004,10,2004-11-14 13:00:00,"HOU",14,302,4,"IND",49,398,2,-35,35,63
2004,10,2004-11-14 13:02:00,"BAL",20,262,1,"NYJ",17,305,1,3,3,37
2004,10,2004-11-14 13:02:00,"KC",20,497,4,"NO",27,374,1,-7,7,47
2004,10,2004-11-14 13:02:00,"SEA",12,372,2,"LAR",23,462,2,-11,11,35
2004,10,2004-11-14 13:03:00,"CHI",19,176,3,"TEN",17,390,3,2,2,36
2004,10,2004-11-14 13:03:00,"PIT",24,300,1,"CLE",10,228,4,14,14,34
2004,10,2004-11-14 13:04:00,"DET",17,190,1,"JAC",23,415,0,-6,6,40
2004,10,2004-11-14 13:05:00,"TB",14,193,1,"ATL",24,325,1,-10,10,38
2004,10,2004-11-14 16:06:00,"CIN",17,316,3,"WAS",10,268,3,7,7,27
2004,10,2004-11-14 16:15:00,"CAR",37,358,2,"SF",27,357,5,10,10,64
2004,10,2004-11-14 16:15:00,"MIN",31,416,0,"GB",34,442,1,-3,3,65
2004,10,2004-11-14 16:15:00,"NYG",14,308,0,"ARI",17,178,0,-3,3,31
2004,10,2004-11-14 20:36:00,"BUF",6,125,5,"NE",29,428,1,-23,23,35
2004,10,2004-11-15 21:09:00,"PHI",49,485,0,"DAL",21,317,3,28,28,70
2004,11,2004-11-21 13:00:00,"DET",19,213,1,"MIN",22,319,1,-3,3,41
2004,11,2004-11-21 13:01:00,"SF",3,197,2,"TB",35,352,2,-32,32,38
2004,11,2004-11-21 13:02:00,"DAL",10,222,3,"BAL",30,287,2,-20,20,40
2004,11,2004-11-21 13:02:00,"IND",41,486,1,"CHI",10,224,5,31,31,51
2004,11,2004-11-21 13:02:00,"NYJ",10,235,1,"CLE",7,216,1,3,3,17
2004,11,2004-11-21 13:02:00,"LAR",17,270,4,"BUF",37,294,1,-20,20,54
2004,11,2004-11-21 13:02:00,"TEN",18,295,2,"JAC",15,274,2,3,3,33
2004,11,2004-11-21 13:03:00,"DEN",34,389,0,"NO",13,411,4,21,21,47
2004,11,2004-11-21 13:03:00,"PIT",19,235,1,"CIN",14,209,1,5,5,33
2004,11,2004-11-21 13:04:00,"ARI",10,399,4,"CAR",35,317,1,-25,25,45
2004,11,2004-11-21 16:05:00,"LAC",23,402,1,"LV",17,273,1,6,6,40
2004,11,2004-11-21 16:06:00,"MIA",17,288,4,"SEA",24,293,3,-7,7,41
2004,11,2004-11-21 16:15:00,"ATL",14,298,0,"NYG",10,277,2,4,4,24
2004,11,2004-11-21 16:16:00,"WAS",6,213,1,"PHI",28,333,2,-22,22,34
2004,11,2004-11-21 20:35:00,"GB",16,473,2,"HOU",13,251,0,3,3,29
2004,11,2004-11-22 21:00:00,"NE",27,407,1,"KC",19,417,1,8,8,46
2004,12,2004-11-25 12:38:00,"IND",41,356,0,"DET",9,386,5,32,32,50
2004,12,2004-11-25 16:36:00,"CHI",7,140,4,"DAL",21,267,2,-14,14,28
2004,12,2004-11-28 13:00:00,"JAC",16,379,2,"MIN",27,330,2,-11,11,43
2004,12,2004-11-28 13:00:00,"LAC",34,498,0,"KC",31,310,2,3,3,65
2004,12,2004-11-28 13:02:00,"CLE",48,462,2,"CIN",58,504,3,-10,10,106
2004,12,2004-11-28 13:02:00,"WAS",7,156,1,"PIT",16,207,0,-9,9,23
2004,12,2004-11-28 13:03:00,"PHI",27,390,1,"NYG",6,272,2,21,21,33
2004,12,2004-11-28 13:04:00,"TB",14,398,3,"CAR",21,300,1,-7,7,35
2004,12,2004-11-28 13:05:00,"TEN",21,355,3,"HOU",31,328,1,-10,10,52
2004,12,2004-11-28 16:05:00,"NO",21,306,2,"ATL",24,396,2,-3,3,45
2004,12,2004-11-28 16:15:00,"MIA",24,200,2,"SF",17,224,3,7,7,41
2004,12,2004-11-28 16:16:00,"BAL",3,124,2,"NE",24,314,0,-21,21,27
2004,12,2004-11-28 16:16:00,"BUF",38,434,3,"SEA",9,230,2,29,29,47
2004,12,2004-11-28 16:16:00,"NYJ",13,325,0,"ARI",3,245,4,10,10,16
2004,12,2004-11-28 20:36:00,"LV",25,395,3,"DEN",24,367,3,1,1,49
2004,12,2004-11-29 21:09:00,"LAR",17,452,3,"GB",45,446,0,-28,28,62
2004,13,2004-12-05 13:02:00,"ATL",0,255,5,"TB",27,247,1,-27,27,27
2004,13,2004-12-05 13:02:00,"CIN",27,453,2,"BAL",26,356,2,1,1,53
2004,13,2004-12-05 13:02:00,"NE",42,412,3,"CLE",15,287,4,27,27,57
2004,13,2004-12-05 13:02:00,"SF",6,160,1,"LAR",16,350,2,-10,10,22
2004,13,2004-12-05 13:02:00,"TEN",24,340,2,"IND",51,567,3,-27,27,75
2004,13,2004-12-05 13:03:00,"ARI",12,254,4,"DET",26,398,1,-14,14,38
2004,13,2004-12-05 13:03:00,"BUF",42,362,1,"MIA",32,403,7,10,10,74
2004,13,2004-12-05 13:03:00,"CAR",32,401,0,"NO",21,280,3,11,11,53
2004,13,2004-12-05 13:03:00,"HOU",7,230,2,"NYJ",29,360,1,-22,22,36
2004,13,2004-12-05 13:03:00,"MIN",14,391,4,"CHI",24,318,1,-10,10,38
2004,13,2004-12-05 16:05:00,"DEN",17,337,4,"LAC",20,208,2,-3,3,37
2004,13,2004-12-05 16:05:00,"KC",34,500,1,"LV",27,364,0,7,7,61
2004,13,2004-12-05 16:15:00,"GB",17,249,2,"PHI",47,542,1,-30,30,64
2004,13,2004-12-05 16:16:00,"NYG",7,145,0,"WAS",31,379,0,-24,24,38
2004,13,2004-12-05 20:35:00,"PIT",17,316,0,"JAC",16,359,0,1,1,33
2004,13,2004-12-06 21:09:00,"DAL",43,405,2,"SEA",39,507,2,4,4,82
2004,14,2004-12-12 13:00:00,"SEA",27,455,2,"MIN",23,374,2,4,4,50
2004,14,2004-12-12 13:01:00,"NYG",14,196,6,"BAL",37,353,1,-23,23,51
2004,14,2004-12-12 13:02:00,"CIN",28,478,3,"NE",35,351,0,-7,7,63
2004,14,2004-12-12 13:02:00,"CLE",7,26,5,"BUF",37,321,3,-30,30,44
2004,14,2004-12-12 13:02:00,"IND",23,382,0,"HOU",14,273,2,9,9,37
2004,14,2004-12-12 13:03:00,"CHI",3,210,2,"JAC",22,332,1,-19,19,25
2004,14,2004-12-12 13:03:00,"LV",10,296,3,"ATL",35,354,0,-25,25,45
2004,14,2004-12-12 13:05:00,"NO",27,344,2,"DAL",13,269,4,14,14,40
2004,14,2004-12-12 16:05:00,"MIA",17,214,1,"DEN",20,415,3,-3,3,37
2004,14,2004-12-12 16:05:00,"NYJ",6,296,3,"PIT",17,262,2,-11,11,23
2004,14,2004-12-12 16:15:00,"DET",13,228,0,"GB",16,301,0,-3,3,29
2004,14,2004-12-12 16:15:00,"SF",31,352,1,"ARI",28,374,2,3,3,59
2004,14,2004-12-12 16:15:00,"LAR",7,292,7,"CAR",20,308,2,-13,13,27
2004,14,2004-12-12 16:15:00,"TB",24,436,4,"LAC",31,336,3,-7,7,55
2004,14,2004-12-12 20:37:00,"PHI",17,312,2,"WAS",14,312,1,3,3,31
2004,14,2004-12-13 21:08:00,"KC",49,383,2,"TEN",38,542,4,11,11,87
2004,15,2004-12-18 13:37:00,"PIT",33,469,2,"NYG",30,278,1,3,3,63
2004,15,2004-12-18 17:16:00,"WAS",26,337,1,"SF",16,254,4,10,10,42
2004,15,2004-12-18 20:36:00,"CAR",31,375,4,"ATL",34,329,4,-3,3,65
2004,15,2004-12-19 13:00:00,"DEN",17,402,3,"KC",45,410,0,-28,28,62
2004,15,2004-12-19 13:02:00,"DAL",7,237,2,"PHI",12,328,3,-5,5,19
2004,15,2004-12-19 13:02:00,"HOU",24,314,0,"CHI",5,203,4,19,19,29
2004,15,2004-12-19 13:02:00,"SEA",14,275,3,"NYJ",37,482,0,-23,23,51
2004,15,2004-12-19 13:03:00,"BUF",33,212,1,"CIN",17,275,4,16,16,50
2004,15,2004-12-19 13:03:00,"MIN",28,461,1,"DET",27,463,3,1,1,55
2004,15,2004-12-19 13:03:00,"LAC",21,257,1,"CLE",0,231,1,21,21,21
2004,15,2004-12-19 16:05:00,"NO",21,247,1,"TB",17,283,4,4,4,38
2004,15,2004-12-19 16:05:00,"LAR",7,185,2,"ARI",31,402,1,-24,24,38
2004,15,2004-12-19 16:15:00,"JAC",28,312,2,"GB",25,444,5,3,3,53
2004,15,2004-12-19 16:15:00,"TEN",35,527,2,"LV",40,415,1,-5,5,75
2004,15,2004-12-19 20:36:00,"BAL",10,354,2,"IND",20,316,0,-10,10,30
2004,15,2004-12-20 21:09:00,"NE",28,322,4,"MIA",29,231,1,-1,1,57
2004,16,2004-12-24 15:00:00,"GB",34,460,1,"MIN",31,416,0,3,3,65
2004,16,2004-12-25 17:00:00,"LV",30,300,1,"KC",31,433,2,-1,1,61
2004,16,2004-12-25 20:35:00,"DEN",37,496,2,"TEN",16,153,2,21,21,53
2004,16,2004-12-26 13:00:00,"LAC",31,374,1,"IND",34,464,1,-3,3,65
2004,16,2004-12-26 13:01:00,"BAL",7,248,1,"PIT",20,404,2,-13,13,27
2004,16,2004-12-26 13:03:00,"ATL",13,267,3,"NO",26,369,2,-13,13,39
2004,16,2004-12-26 13:03:00,"CHI",13,229,1,"DET",19,314,1,-6,6,32
2004,16,2004-12-26 13:03:00,"HOU",21,333,2,"JAC",0,126,3,21,21,21
2004,16,2004-12-26 13:03:00,"NYG",22,326,1,"CIN",23,233,2,-1,1,45
2004,16,2004-12-26 16:05:00,"NE",23,372,0,"NYJ",7,279,3,16,16,30
2004,16,2004-12-26 16:06:00,"BUF",41,441,1,"SF",7,189,4,34,34,48
2004,16,2004-12-26 16:15:00,"CAR",37,348,0,"TB",20,345,3,17,17,57
2004,16,2004-12-26 16:15:00,"WAS",10,233,3,"DAL",13,306,2,-3,3,23
2004,16,2004-12-26 16:16:00,"ARI",21,317,2,"SEA",24,301,1,-3,3,45
2004,16,2004-12-26 20:37:00,"CLE",7,285,4,"MIA",10,280,2,-3,3,17
2004,16,2004-12-27 21:09:00,"PHI",7,155,1,"LAR",20,419,1,-13,13,27
2004,17,2005-01-02 13:02:00,"CLE",22,364,2,"HOU",14,238,1,8,8,36
2004,17,2005-01-02 13:02:00,"MIA",23,345,3,"BAL",30,332,0,-7,7,53
2004,17,2005-01-02 13:02:00,"NO",21,360,0,"CAR",18,320,3,3,3,39
2004,17,2005-01-02 13:02:00,"NYJ",29,324,0,"LAR",32,479,3,-3,3,61
2004,17,2005-01-02 13:02:00,"PIT",29,262,3,"BUF",24,267,3,5,5,53
2004,17,2005-01-02 13:02:00,"SF",7,318,2,"NE",21,405,3,-14,14,28
2004,17,2005-01-02 13:03:00,"DET",19,434,2,"TEN",24,312,0,-5,5,43
2004,17,2005-01-02 13:03:00,"GB",31,387,0,"CHI",14,246,1,17,17,45
2004,17,2005-01-02 13:04:00,"MIN",18,320,0,"WAS",21,318,2,-3,3,39
2004,17,2005-01-02 13:05:00,"CIN",38,308,0,"PHI",10,342,5,28,28,48
2004,17,2005-01-02 16:06:00,"ATL",26,354,1,"SEA",28,253,1,-2,2,54
2004,17,2005-01-02 16:06:00,"TB",7,249,4,"ARI",12,222,1,-5,5,19
2004,17,2005-01-02 16:15:00,"IND",14,200,1,"DEN",33,453,0,-19,19,47
2004,17,2005-01-02 16:15:00,"JAC",13,242,2,"LV",6,281,4,7,7,19
2004,17,2005-01-02 16:15:00,"KC",17,443,4,"LAC",24,353,2,-7,7,41
2004,17,2005-01-02 20:36:00,"DAL",24,367,2,"NYG",28,235,1,-4,4,52
2004,101,2005-01-08 16:37:00,"LAR",27,396,1,"SEA",20,413,1,7,7,47
2004,101,2005-01-08 20:14:00,"NYJ",20,396,0,"LAC",17,408,1,3,3,37
2004,101,2005-01-09 13:07:00,"DEN",24,338,1,"IND",49,530,1,-25,25,73
2004,101,2005-01-09 16:39:00,"MIN",31,384,0,"GB",17,306,4,14,14,48
2004,102,2005-01-15 16:36:00,"NYJ",17,275,1,"PIT",20,364,3,-3,3,37
2004,102,2005-01-15 20:22:00,"LAR",17,339,2,"ATL",47,397,1,-30,30,64
2004,102,2005-01-16 13:06:00,"MIN",14,385,2,"PHI",27,395,1,-13,13,41
2004,102,2005-01-16 16:45:00,"IND",3,276,3,"NE",20,325,0,-17,17,23
2004,103,2005-01-23 15:08:00,"ATL",10,202,1,"PHI",27,326,0,-17,17,37
2004,103,2005-01-23 18:36:00,"NE",41,322,0,"PIT",27,388,4,14,14,68
2004,104,2005-02-06 18:38:00,"PHI",21,369,4,"NE",24,331,1,-3,3,45
2005,1,2005-09-08 21:07:00,"LV",20,338,1,"NE",30,379,0,-10,10,50
2005,1,2005-09-11 13:00:00,"NYJ",7,390,3,"KC",27,389,1,-20,20,34
2005,1,2005-09-11 13:05:00,"HOU",7,120,5,"BUF",22,316,0,-15,15,29
2005,1,2005-09-11 13:05:00,"TB",24,345,2,"MIN",13,248,5,11,11,37
2005,1,2005-09-11 13:05:00,"TEN",7,303,4,"PIT",34,424,0,-27,27,41
2005,1,2005-09-11 13:06:00,"CHI",7,166,2,"WAS",9,323,3,-2,2,16
2005,1,2005-09-11 13:06:00,"NO",23,291,2,"CAR",20,350,4,3,3,43
2005,1,2005-09-11 13:07:00,"CIN",27,420,2,"CLE",13,373,3,14,14,40
2005,1,2005-09-11 13:07:00,"DEN",10,312,3,"MIA",34,426,3,-24,24,44
2005,1,2005-09-11 13:07:00,"SEA",14,322,5,"JAC",26,362,0,-12,12,40
2005,1,2005-09-11 16:15:00,"DAL",28,301,1,"LAC",24,291,2,4,4,52
2005,1,2005-09-11 16:15:00,"LAR",25,405,1,"SF",28,217,2,-3,3,53
2005,1,2005-09-11 16:18:00,"ARI",19,318,2,"NYG",42,275,2,-23,23,61
2005,1,2005-09-11 16:19:00,"GB",3,216,3,"DET",17,254,0,-14,14,20
2005,1,2005-09-11 20:38:00,"IND",24,340,0,"BAL",7,401,4,17,17,31
2005,1,2005-09-12 21:05:00,"PHI",10,301,3,"ATL",14,319,3,-4,4,24
2005,2,2005-09-18 12:03:00,"JAC",3,303,0,"IND",10,268,1,-7,7,13
2005,2,2005-09-18 13:02:00,"BUF",3,147,0,"TB",19,318,0,-16,16,22
2005,2,2005-09-18 13:02:00,"DET",6,234,5,"CHI",38,336,0,-32,32,44
2005,2,2005-09-18 13:02:00,"NE",17,288,3,"CAR",27,250,1,-10,10,44
2005,2,2005-09-18 13:02:00,"PIT",27,388,0,"HOU",7,221,1,20,20,34
2005,2,2005-09-18 13:03:00,"BAL",10,182,2,"TEN",25,290,1,-15,15,35
2005,2,2005-09-18 13:03:00,"MIN",8,304,7,"CIN",37,504,1,-29,29,45
2005,2,2005-09-18 13:03:00,"SF",3,142,3,"PHI",42,583,1,-39,39,45
2005,2,2005-09-18 16:05:00,"LAR",17,297,1,"ARI",12,379,2,5,5,29
2005,2,2005-09-18 16:06:00,"ATL",18,223,0,"SEA",21,428,1,-3,3,39
2005,2,2005-09-18 16:15:00,"CLE",26,391,0,"GB",24,452,2,2,2,50
2005,2,2005-09-18 16:15:00,"LAC",17,213,2,"DEN",20,331,2,-3,3,37
2005,2,2005-09-18 16:16:00,"MIA",7,235,1,"NYJ",17,271,0,-10,10,24
2005,2,2005-09-18 20:30:00,"KC",23,354,1,"LV",17,327,2,6,6,40
2005,2,2005-09-19 19:36:00,"NYG",27,257,1,"NO",10,422,6,17,17,37
2005,2,2005-09-19 21:07:00,"WAS",14,346,2,"DAL",13,351,0,1,1,27
2005,3,2005-09-25 12:03:00,"CLE",6,263,0,"IND",13,339,1,-7,7,19
2005,3,2005-09-25 13:00:00,"NO",16,296,4,"MIN",33,420,0,-17,17,49
2005,3,2005-09-25 13:02:00,"ATL",24,403,2,"BUF",16,208,2,8,8,40
2005,3,2005-09-25 13:02:00,"CAR",24,299,3,"MIA",27,315,1,-3,3,51
2005,3,2005-09-25 13:02:00,"CIN",24,244,1,"CHI",7,255,6,17,17,31
2005,3,2005-09-25 13:02:00,"TB",17,293,1,"GB",16,260,4,1,1,33
2005,3,2005-09-25 13:02:00,"TEN",27,335,3,"LAR",31,360,4,-4,4,58
2005,3,2005-09-25 13:03:00,"JAC",26,308,3,"NYJ",20,168,3,6,6,46
2005,3,2005-09-25 13:03:00,"LV",20,365,0,"PHI",23,448,2,-3,3,43
2005,3,2005-09-25 16:05:00,"DAL",34,443,3,"SF",31,390,3,3,3,65
2005,3,2005-09-25 16:06:00,"ARI",12,266,2,"SEA",37,447,0,-25,25,49
2005,3,2005-09-25 16:15:00,"NE",23,426,3,"PIT",20,269,1,3,3,43
2005,3,2005-09-25 20:30:00,"NYG",23,424,1,"LAC",45,485,1,-22,22,68
2005,3,2005-09-26 21:07:00,"KC",10,285,1,"DEN",30,358,0,-20,20,40
2005,4,2005-10-02 13:02:00,"DEN",20,306,0,"JAC",7,241,4,13,13,27
2005,4,2005-10-02 13:02:00,"DET",13,226,1,"TB",17,353,4,-4,4,30
2005,4,2005-10-02 13:02:00,"HOU",10,254,1,"CIN",16,371,0,-6,6,26
2005,4,2005-10-02 13:02:00,"IND",31,364,0,"TEN",10,313,1,21,21,41
2005,4,2005-10-02 13:02:00,"LAC",41,431,0,"NE",17,303,2,24,24,58
2005,4,2005-10-02 13:03:00,"BUF",7,208,2,"NO",19,333,0,-12,12,26
2005,4,2005-10-02 13:03:00,"SEA",17,354,0,"WAS",20,352,1,-3,3,37
2005,4,2005-10-02 13:03:00,"LAR",24,476,5,"NYG",44,456,0,-20,20,68
2005,4,2005-10-02 16:05:00,"NYJ",3,152,0,"BAL",13,259,2,-10,10,16
2005,4,2005-10-02 16:15:00,"DAL",13,303,1,"LV",19,333,0,-6,6,32
2005,4,2005-10-02 16:15:00,"PHI",37,396,2,"KC",31,353,4,6,6,68
2005,4,2005-10-02 16:17:00,"MIN",10,261,3,"ATL",30,368,0,-20,20,40
2005,4,2005-10-02 20:36:00,"SF",14,168,4,"ARI",31,463,3,-17,17,45
2005,4,2005-10-03 21:07:00,"GB",29,352,2,"CAR",32,286,1,-3,3,61
2005,5,2005-10-09 13:02:00,"BAL",17,387,4,"DET",35,266,2,-18,18,52
2005,5,2005-10-09 13:02:00,"MIA",14,323,5,"BUF",20,236,1,-6,6,34
2005,5,2005-10-09 13:02:00,"NO",3,254,5,"GB",52,309,0,-49,49,55
2005,5,2005-10-09 13:02:00,"SEA",37,433,0,"LAR",31,386,2,6,6,68
2005,5,2005-10-09 13:02:00,"TEN",34,310,0,"HOU",20,257,1,14,14,54
2005,5,2005-10-09 13:03:00,"CHI",10,266,3,"CLE",20,278,2,-10,10,30
2005,5,2005-10-09 13:03:00,"TB",12,285,1,"NYJ",14,212,3,-2,2,26
2005,5,2005-10-09 13:05:00,"NE",31,483,1,"ATL",28,400,0,3,3,59
2005,5,2005-10-09 16:05:00,"IND",28,365,3,"SF",3,177,5,25,25,31
2005,5,2005-10-09 16:15:00,"CAR",24,330,2,"ARI",20,468,4,4,4,44
2005,5,2005-10-09 16:15:00,"PHI",10,129,0,"DAL",33,456,1,-23,23,43
2005,5,2005-10-09 16:15:00,"WAS",19,447,1,"DEN",21,257,0,-2,2,40
2005,5,2005-10-09 20:36:00,"CIN",20,364,1,"JAC",23,342,1,-3,3,43
2005,5,2005-10-10 21:00:00,"PIT",24,311,1,"LAC",22,279,2,2,2,46
2005,6,2005-10-16 13:00:00,"WAS",21,398,3,"KC",28,274,0,-7,7,49
2005,6,2005-10-16 13:02:00,"CAR",21,317,4,"DET",20,209,4,1,1,41
2005,6,2005-10-16 13:02:00,"CLE",3,186,3,"BAL",16,351,1,-13,13,19
2005,6,2005-10-16 13:02:00,"JAC",23,246,1,"PIT",17,218,4,6,6,40
2005,6,2005-10-16 13:02:00,"MIA",13,307,2,"TB",27,342,1,-14,14,40
2005,6,2005-10-16 13:02:00,"NYG",13,270,4,"DAL",16,385,4,-3,3,29
2005,6,2005-10-16 13:03:00,"ATL",34,266,1,"NO",31,456,2,3,3,65
2005,6,2005-10-16 13:03:00,"CIN",31,387,0,"TEN",23,377,3,8,8,54
2005,6,2005-10-16 13:03:00,"MIN",3,283,2,"CHI",28,192,3,-25,25,31
2005,6,2005-10-16 16:15:00,"NYJ",17,275,3,"BUF",27,341,2,-10,10,44
2005,6,2005-10-16 16:15:00,"LAC",27,346,0,"LV",14,310,1,13,13,41
2005,6,2005-10-16 16:16:00,"NE",20,388,0,"DEN",28,432,0,-8,8,48
2005,6,2005-10-16 20:38:00,"HOU",10,227,0,"SEA",42,459,1,-32,32,52
2005,6,2005-10-17 20:08:00,"LAR",28,349,4,"IND",45,363,1,-17,17,73
2005,7,2005-10-21 19:05:00,"KC",30,462,0,"MIA",20,286,1,10,10,50
2005,7,2005-10-23 13:00:00,"GB",20,374,0,"MIN",23,363,1,-3,3,43
2005,7,2005-10-23 13:02:00,"NO",17,332,2,"LAR",28,298,1,-11,11,45
2005,7,2005-10-23 13:02:00,"PIT",27,304,2,"CIN",13,302,2,14,14,40
2005,7,2005-10-23 13:02:00,"LAC",17,291,3,"PHI",20,286,2,-3,3,37
2005,7,2005-10-23 13:03:00,"IND",38,437,2,"HOU",20,139,2,18,18,58
2005,7,2005-10-23 13:03:00,"SF",17,194,2,"WAS",52,457,0,-35,35,69
2005,7,2005-10-23 13:04:00,"DET",13,329,1,"CLE",10,174,3,3,3,23
2005,7,2005-10-23 16:06:00,"DAL",10,275,2,"SEA",13,289,3,-3,3,23
2005,7,2005-10-23 16:15:00,"BAL",6,199,0,"CHI",10,276,0,-4,4,16
2005,7,2005-10-23 16:15:00,"BUF",17,210,1,"LV",38,416,1,-21,21,55
2005,7,2005-10-23 16:15:00,"DEN",23,385,1,"NYG",24,311,2,-1,1,47
2005,7,2005-10-23 16:15:00,"TEN",10,348,3,"ARI",20,173,1,-10,10,30
2005,7,2005-10-24 21:07:00,"NYJ",14,231,4,"ATL",27,310,3,-13,13,41
2005,8,2005-10-30 13:02:00,"ARI",13,213,2,"DAL",34,348,1,-21,21,47
2005,8,2005-10-30 13:02:00,"CLE",16,325,2,"HOU",19,237,1,-3,3,35
2005,8,2005-10-30 13:02:00,"GB",14,353,5,"CIN",21,317,1,-7,7,35
2005,8,2005-10-30 13:02:00,"JAC",21,427,2,"LAR",24,386,3,-3,3,45
2005,8,2005-10-30 13:02:00,"MIN",13,253,0,"CAR",38,449,0,-25,25,51
2005,8,2005-10-30 13:02:00,"LV",34,324,1,"TEN",25,326,2,9,9,59
2005,8,2005-10-30 13:04:00,"CHI",19,333,1,"DET",13,278,1,6,6,32
2005,8,2005-10-30 13:06:00,"WAS",0,125,4,"NYG",36,386,1,-36,36,36
2005,8,2005-10-30 16:05:00,"KC",20,418,1,"LAC",28,424,2,-8,8,48
2005,8,2005-10-30 16:05:00,"MIA",21,342,2,"NO",6,203,2,15,15,27
2005,8,2005-10-30 16:15:00,"PHI",21,351,2,"DEN",49,564,0,-28,28,70
2005,8,2005-10-30 16:15:00,"TB",10,275,3,"SF",15,208,0,-5,5,25
2005,8,2005-10-30 20:37:00,"BUF",16,394,2,"NE",21,273,2,-5,5,37
2005,8,2005-10-31 21:07:00,"BAL",19,318,3,"PIT",20,261,2,-1,1,39
2005,9,2005-11-06 13:00:00,"LV",23,263,1,"KC",27,321,1,-4,4,50
2005,9,2005-11-06 13:01:00,"HOU",14,279,1,"JAC",21,312,0,-7,7,35
2005,9,2005-11-06 13:02:00,"CAR",34,287,0,"TB",14,270,4,20,20,48
2005,9,2005-11-06 13:02:00,"CIN",21,329,1,"BAL",9,240,1,12,12,30
2005,9,2005-11-06 13:02:00,"LAC",31,395,2,"NYJ",26,269,0,5,5,57
2005,9,2005-11-06 13:03:00,"ATL",17,382,2,"MIA",10,208,1,7,7,27
2005,9,2005-11-06 13:03:00,"TEN",14,323,1,"CLE",20,441,2,-6,6,34
2005,9,2005-11-06 13:05:00,"DET",14,289,3,"MIN",27,285,1,-13,13,41
2005,9,2005-11-06 16:05:00,"CHI",20,314,3,"NO",17,283,4,3,3,37
2005,9,2005-11-06 16:05:00,"SEA",33,370,0,"ARI",19,378,4,14,14,52
2005,9,2005-11-06 16:06:00,"NYG",24,344,0,"SF",6,138,1,18,18,30
2005,9,2005-11-06 16:15:00,"PIT",20,213,1,"GB",10,268,3,10,10,30
2005,9,2005-11-06 20:37:00,"PHI",10,336,1,"WAS",17,293,1,-7,7,27
2005,9,2005-11-07 21:08:00,"IND",40,453,1,"NE",21,288,2,19,19,61
2005,10,2005-11-13 13:01:00,"BAL",3,163,3,"JAC",30,338,0,-27,27,33
2005,10,2005-11-13 13:02:00,"KC",3,316,4,"BUF",14,209,2,-11,11,17
2005,10,2005-11-13 13:03:00,"ARI",21,397,1,"DET",29,383,0,-8,8,50
2005,10,2005-11-13 13:03:00,"HOU",17,209,0,"IND",31,419,2,-14,14,48
2005,10,2005-11-13 13:03:00,"MIN",24,137,1,"NYG",21,405,5,3,3,45
2005,10,2005-11-13 13:03:00,"NE",23,365,2,"MIA",16,437,2,7,7,39
2005,10,2005-11-13 13:03:00,"SF",9,161,2,"CHI",17,239,4,-8,8,26
2005,10,2005-11-13 16:05:00,"DEN",31,326,2,"LV",17,335,3,14,14,48
2005,10,2005-11-13 16:05:00,"NYJ",3,214,6,"CAR",30,220,2,-27,27,33
2005,10,2005-11-13 16:15:00,"GB",33,351,1,"ATL",25,321,3,8,8,58
2005,10,2005-11-13 16:15:00,"WAS",35,389,3,"TB",36,340,1,-1,1,71
2005,10,2005-11-13 16:16:00,"LAR",16,353,2,"SEA",31,417,2,-15,15,47
2005,10,2005-11-13 20:36:00,"CLE",21,303,2,"PIT",34,382,0,-13,13,55
2005,10,2005-11-14 21:08:00,"DAL",21,241,1,"PHI",20,359,1,1,1,41
2005,11,2005-11-20 13:02:00,"ARI",38,372,1,"LAR",28,357,2,10,10,66
2005,11,2005-11-20 13:02:00,"CAR",3,238,2,"CHI",13,258,1,-10,10,16
2005,11,2005-11-20 13:02:00,"DET",7,226,1,"DAL",20,253,1,-13,13,27
2005,11,2005-11-20 13:02:00,"JAC",31,295,1,"TEN",28,254,1,3,3,59
2005,11,2005-11-20 13:02:00,"NO",17,425,1,"NE",24,326,1,-7,7,41
2005,11,2005-11-20 13:02:00,"LV",16,336,1,"WAS",13,246,3,3,3,29
2005,11,2005-11-20 13:02:00,"PIT",13,282,2,"BAL",16,241,2,-3,3,29
2005,11,2005-11-20 13:03:00,"MIA",0,194,2,"CLE",22,376,1,-22,22,22
2005,11,2005-11-20 13:04:00,"PHI",17,404,1,"NYG",27,315,0,-10,10,44
2005,11,2005-11-20 13:05:00,"TB",30,258,1,"ATL",27,443,2,3,3,57
2005,11,2005-11-20 16:05:00,"SEA",27,373,0,"SF",25,336,1,2,2,52
2005,11,2005-11-20 16:15:00,"BUF",10,202,2,"LAC",48,478,0,-38,38,58
2005,11,2005-11-20 16:15:00,"IND",45,451,1,"CIN",37,492,1,8,8,82
2005,11,2005-11-20 16:15:00,"NYJ",0,195,5,"DEN",27,404,1,-27,27,27
2005,11,2005-11-20 20:37:00,"KC",45,446,1,"HOU",17,259,3,28,28,62
2005,11,2005-11-21 21:07:00,"MIN",20,331,2,"GB",17,236,2,3,3,37
2005,12,2005-11-24 12:40:00,"ATL",27,402,2,"DET",7,304,4,20,20,34
2005,12,2005-11-24 16:17:00,"DEN",24,293,2,"DAL",21,314,2,3,3,45
2005,12,2005-11-27 13:00:00,"NE",16,306,4,"KC",26,420,1,-10,10,42
2005,12,2005-11-27 13:02:00,"CAR",13,295,1,"BUF",9,216,1,4,4,22
2005,12,2005-11-27 13:02:00,"CHI",13,239,1,"TB",10,275,1,3,3,23
2005,12,2005-11-27 13:02:00,"CLE",12,262,5,"MIN",24,281,2,-12,12,36
2005,12,2005-11-27 13:02:00,"LAC",23,397,3,"WAS",17,282,0,6,6,40
2005,12,2005-11-27 13:03:00,"BAL",29,322,3,"CIN",42,437,3,-13,13,71
2005,12,2005-11-27 13:03:00,"SF",22,261,4,"TEN",33,461,1,-11,11,55
2005,12,2005-11-27 13:03:00,"LAR",33,429,1,"HOU",27,412,2,6,6,60
2005,12,2005-11-27 16:05:00,"MIA",33,394,3,"LV",21,305,3,12,12,54
2005,12,2005-11-27 16:06:00,"JAC",24,295,0,"ARI",17,368,2,7,7,41
2005,12,2005-11-27 16:16:00,"GB",14,292,5,"PHI",19,264,1,-5,5,33
2005,12,2005-11-27 16:16:00,"NYG",21,490,1,"SEA",24,355,2,-3,3,45
2005,12,2005-11-27 20:37:00,"NO",21,269,0,"NYJ",19,360,0,2,2,40
2005,12,2005-11-28 21:08:00,"PIT",7,197,2,"IND",26,366,1,-19,19,33
2005,13,2005-12-04 13:02:00,"CIN",38,324,0,"PIT",31,474,4,7,7,69
2005,13,2005-12-04 13:02:00,"HOU",15,298,2,"BAL",16,238,2,-1,1,31
2005,13,2005-12-04 13:02:00,"MIN",21,345,0,"DET",16,223,1,5,5,37
2005,13,2005-12-04 13:02:00,"TEN",3,260,1,"IND",35,292,1,-32,32,38
2005,13,2005-12-04 13:03:00,"ATL",6,259,2,"CAR",24,306,1,-18,18,30
2005,13,2005-12-04 13:03:00,"BUF",23,294,3,"MIA",24,434,2,-1,1,47
2005,13,2005-12-04 13:03:00,"DAL",10,206,4,"NYG",17,277,2,-7,7,27
2005,13,2005-12-04 13:03:00,"JAC",20,237,1,"CLE",14,303,0,6,6,34
2005,13,2005-12-04 13:05:00,"GB",7,358,4,"CHI",19,190,2,-12,12,26
2005,13,2005-12-04 13:05:00,"TB",10,248,0,"NO",3,279,4,7,7,13
2005,13,2005-12-04 16:05:00,"ARI",17,404,2,"SF",10,220,4,7,7,27
2005,13,2005-12-04 16:05:00,"WAS",24,407,0,"LAR",9,191,2,15,15,33
2005,13,2005-12-04 16:15:00,"DEN",27,388,2,"KC",31,421,3,-4,4,58
2005,13,2005-12-04 16:15:00,"NYJ",3,164,1,"NE",16,397,0,-13,13,19
2005,13,2005-12-04 20:35:00,"LV",10,291,2,"LAC",34,274,0,-24,24,44
2005,13,2005-12-05 21:07:00,"SEA",42,194,0,"PHI",0,190,6,42,42,42
2005,14,2005-12-11 13:01:00,"IND",26,399,0,"JAC",18,324,3,8,8,44
2005,14,2005-12-11 13:02:00,"CHI",9,268,0,"PIT",21,363,0,-12,12,30
2005,14,2005-12-11 13:02:00,"NE",35,494,2,"BUF",7,183,3,28,28,42
2005,14,2005-12-11 13:02:00,"LV",10,179,4,"NYJ",26,294,0,-16,16,36
2005,14,2005-12-11 13:03:00,"CLE",20,208,1,"CIN",23,278,1,-3,3,43
2005,14,2005-12-11 13:03:00,"HOU",10,234,0,"TEN",13,301,0,-3,3,23
2005,14,2005-12-11 13:03:00,"TB",20,247,0,"CAR",10,276,1,10,10,30
2005,14,2005-12-11 13:05:00,"LAR",13,337,6,"MIN",27,259,2,-14,14,40
2005,14,2005-12-11 16:05:00,"NYG",26,437,3,"PHI",23,337,1,3,3,49
2005,14,2005-12-11 16:05:00,"WAS",17,231,3,"ARI",13,302,4,4,4,30
2005,14,2005-12-11 16:06:00,"SF",3,113,2,"SEA",41,438,1,-38,38,44
2005,14,2005-12-11 16:15:00,"BAL",10,323,4,"DEN",12,318,1,-2,2,22
2005,14,2005-12-11 16:15:00,"KC",28,493,1,"DAL",31,445,0,-3,3,59
2005,14,2005-12-11 16:15:00,"MIA",23,300,2,"LAC",21,341,3,2,2,44
2005,14,2005-12-11 20:36:00,"DET",13,241,0,"GB",16,330,2,-3,3,29
2005,14,2005-12-12 21:05:00,"NO",17,332,1,"ATL",36,406,1,-19,19,53
2005,15,2005-12-17 13:33:00,"TB",0,138,1,"NE",28,336,0,-28,28,28
2005,15,2005-12-17 17:11:00,"KC",17,362,3,"NYG",27,406,2,-10,10,44
2005,15,2005-12-17 20:36:00,"DEN",28,437,1,"BUF",17,272,0,11,11,45
2005,15,2005-12-18 13:02:00,"ARI",19,301,4,"HOU",30,253,2,-11,11,49
2005,15,2005-12-18 13:02:00,"PHI",17,201,4,"LAR",16,305,1,1,1,33
2005,15,2005-12-18 13:02:00,"LAC",26,453,4,"IND",17,338,3,9,9,43
2005,15,2005-12-18 13:02:00,"SF",9,217,1,"JAC",10,336,0,-1,1,19
2005,15,2005-12-18 13:03:00,"CAR",27,326,2,"NO",10,277,6,17,17,37
2005,15,2005-12-18 13:03:00,"NYJ",20,397,3,"MIA",24,297,1,-4,4,44
2005,15,2005-12-18 13:03:00,"SEA",28,459,0,"TEN",24,417,0,4,4,52
2005,15,2005-12-18 13:05:00,"PIT",18,275,1,"MIN",3,185,3,15,15,21
2005,15,2005-12-18 16:05:00,"CIN",41,426,2,"DET",17,270,4,24,24,58
2005,15,2005-12-18 16:05:00,"CLE",9,255,2,"LV",7,256,1,2,2,16
2005,15,2005-12-18 16:16:00,"DAL",7,216,4,"WAS",35,334,1,-28,28,42
2005,15,2005-12-18 20:37:00,"ATL",3,231,3,"CHI",16,226,1,-13,13,19
2005,15,2005-12-19 21:07:00,"GB",3,288,5,"BAL",48,435,0,-45,45,51
2005,16,2005-12-24 13:00:00,"LAC",7,233,2,"KC",20,341,0,-13,13,27
2005,16,2005-12-24 13:02:00,"ATL",24,281,1,"TB",27,444,3,-3,3,51
2005,16,2005-12-24 13:02:00,"SF",24,321,0,"LAR",20,389,2,4,4,44
2005,16,2005-12-24 13:03:00,"BUF",37,355,1,"CIN",27,374,2,10,10,64
2005,16,2005-12-24 13:03:00,"DAL",24,394,2,"CAR",20,318,2,4,4,44
2005,16,2005-12-24 13:03:00,"JAC",38,448,0,"HOU",20,370,1,18,18,58
2005,16,2005-12-24 13:03:00,"NYG",20,332,1,"WAS",35,380,1,-15,15,55
2005,16,2005-12-24 13:03:00,"PIT",41,457,1,"CLE",0,186,1,41,41,41
2005,16,2005-12-24 13:03:00,"TEN",10,234,3,"MIA",24,322,2,-14,14,34
2005,16,2005-12-24 13:06:00,"DET",13,279,1,"NO",12,273,1,1,1,25
2005,16,2005-12-24 16:05:00,"PHI",21,189,1,"ARI",27,360,1,-6,6,48
2005,16,2005-12-24 16:15:00,"LV",3,248,2,"DEN",22,414,1,-19,19,25
2005,16,2005-12-24 16:17:00,"IND",13,387,1,"SEA",28,332,0,-15,15,41
2005,16,2005-12-25 17:11:00,"CHI",24,292,1,"GB",17,365,4,7,7,41
2005,16,2005-12-25 20:36:00,"MIN",23,262,1,"BAL",30,367,2,-7,7,53
2005,16,2005-12-26 21:09:00,"NE",31,321,1,"NYJ",21,171,3,10,10,52
2005,17,2005-12-31 16:35:00,"DEN",23,241,0,"LAC",7,236,2,16,16,30
2005,17,2005-12-31 20:05:00,"NYG",30,402,0,"LV",21,325,0,9,9,51
2005,17,2006-01-01 13:00:00,"CIN",3,161,2,"KC",37,537,1,-34,34,40
2005,17,2006-01-01 13:01:00,"BUF",26,331,4,"NYJ",30,207,0,-4,4,56
2005,17,2006-01-01 13:02:00,"ARI",13,413,2,"IND",17,218,1,-4,4,30
2005,17,2006-01-01 13:02:00,"BAL",16,267,3,"CLE",20,226,3,-4,4,36
2005,17,2006-01-01 13:02:00,"DET",21,308,2,"PIT",35,331,2,-14,14,56
2005,17,2006-01-01 13:02:00,"MIA",28,378,0,"NE",26,259,1,2,2,54
2005,17,2006-01-01 13:02:00,"NO",13,306,3,"TB",27,285,0,-14,14,40
2005,17,2006-01-01 13:02:00,"SEA",17,245,2,"GB",23,314,3,-6,6,40
2005,17,2006-01-01 13:05:00,"CAR",44,403,0,"ATL",11,211,4,33,33,55
2005,17,2006-01-01 16:05:00,"HOU",17,284,2,"SF",20,324,1,-3,3,37
2005,17,2006-01-01 16:05:00,"TEN",13,270,2,"JAC",40,335,1,-27,27,53
2005,17,2006-01-01 16:15:00,"CHI",10,251,0,"MIN",34,396,0,-24,24,44
2005,17,2006-01-01 16:16:00,"WAS",31,279,1,"PHI",20,335,6,11,11,51
2005,17,2006-01-01 20:36:00,"LAR",20,253,0,"DAL",10,271,4,10,10,30
2005,101,2006-01-07 16:34:00,"WAS",17,120,1,"TB",10,243,3,7,7,27
2005,101,2006-01-07 20:08:00,"JAC",3,292,2,"NE",28,307,0,-25,25,31
2005,101,2006-01-08 13:04:00,"CAR",23,335,0,"NYG",0,132,5,23,23,23
2005,101,2006-01-08 16:36:00,"PIT",31,346,0,"CIN",17,327,2,14,14,48
2005,102,2006-01-14 16:35:00,"WAS",10,289,1,"SEA",20,334,3,-10,10,30
2005,102,2006-01-14 20:16:00,"NE",13,420,5,"DEN",27,286,1,-14,14,40
2005,102,2006-01-15 13:04:00,"PIT",21,295,2,"IND",18,305,0,3,3,39
2005,102,2006-01-15 16:41:00,"CAR",29,434,1,"CHI",21,282,1,8,8,50
2005,103,2006-01-22 15:08:00,"PIT",34,358,0,"DEN",17,308,4,17,17,51
2005,103,2006-01-22 18:47:00,"CAR",14,212,4,"SEA",34,393,0,-20,20,48
2005,104,2006-02-05 18:27:00,"SEA",10,396,1,"PIT",21,339,2,-11,11,31
2006,1,2006-09-07 20:37:00,"MIA",17,278,2,"PIT",28,342,1,-11,11,45
2006,1,2006-09-10 13:00:00,"CIN",23,236,1,"KC",10,289,3,13,13,33
2006,1,2006-09-10 13:01:00,"BAL",27,271,0,"TB",0,142,3,27,27,27
2006,1,2006-09-10 13:02:00,"BUF",17,240,0,"NE",19,319,2,-2,2,36
2006,1,2006-09-10 13:02:00,"DEN",10,259,5,"LAR",18,320,0,-8,8,28
2006,1,2006-09-10 13:02:00,"PHI",24,441,1,"HOU",10,241,0,14,14,34
2006,1,2006-09-10 13:03:00,"ATL",20,385,0,"CAR",6,215,2,14,14,26
2006,1,2006-09-10 13:03:00,"NYJ",23,393,2,"TEN",16,328,3,7,7,39
2006,1,2006-09-10 13:04:00,"NO",19,326,2,"CLE",14,186,3,5,5,33
2006,1,2006-09-10 13:04:00,"SEA",9,264,1,"DET",6,251,1,3,3,15
2006,1,2006-09-10 16:15:00,"CHI",26,361,1,"GB",0,267,3,26,26,26
2006,1,2006-09-10 16:15:00,"DAL",17,323,3,"JAC",24,307,1,-7,7,41
2006,1,2006-09-10 16:15:00,"SF",27,393,2,"ARI",34,367,1,-7,7,61
2006,1,2006-09-10 20:24:00,"IND",26,327,1,"NYG",21,433,2,5,5,47
2006,1,2006-09-11 19:11:00,"MIN",19,309,0,"WAS",16,266,0,3,3,35
2006,1,2006-09-11 22:25:00,"LAC",27,302,0,"LV",0,129,1,27,27,27
2006,2,2006-09-17 13:02:00,"NO",34,380,3,"GB",27,385,2,7,7,61
2006,2,2006-09-17 13:02:00,"NYG",30,404,1,"PHI",24,451,1,6,6,54
2006,2,2006-09-17 13:02:00,"LV",6,162,6,"BAL",28,264,1,-22,22,34
2006,2,2006-09-17 13:03:00,"BUF",16,171,0,"MIA",6,282,1,10,10,22
2006,2,2006-09-17 13:03:00,"CAR",13,271,1,"MIN",16,365,1,-3,3,29
2006,2,2006-09-17 13:03:00,"CLE",17,301,3,"CIN",34,481,2,-17,17,51
2006,2,2006-09-17 13:03:00,"DET",7,245,3,"CHI",34,383,1,-27,27,41
2006,2,2006-09-17 13:03:00,"HOU",24,299,2,"IND",43,515,1,-19,19,67
2006,2,2006-09-17 13:05:00,"TB",3,351,3,"ATL",14,382,2,-11,11,17
2006,2,2006-09-17 16:06:00,"ARI",10,256,2,"SEA",21,341,2,-11,11,31
2006,2,2006-09-17 16:06:00,"LAR",13,265,1,"SF",20,360,1,-7,7,33
2006,2,2006-09-17 16:15:00,"NE",24,358,2,"NYJ",17,338,1,7,7,41
2006,2,2006-09-17 16:15:00,"TEN",7,218,2,"LAC",40,476,0,-33,33,47
2006,2,2006-09-17 16:16:00,"KC",6,276,2,"DEN",9,318,1,-3,3,15
2006,2,2006-09-17 20:20:00,"WAS",10,245,1,"DAL",27,367,1,-17,17,37
2006,2,2006-09-18 20:40:00,"PIT",0,153,2,"JAC",9,362,1,-9,9,9
2006,3,2006-09-24 13:02:00,"CIN",28,246,3,"PIT",20,365,5,8,8,48
2006,3,2006-09-24 13:02:00,"GB",31,400,2,"DET",24,424,1,7,7,55
2006,3,2006-09-24 13:02:00,"JAC",14,297,2,"IND",21,272,0,-7,7,35
2006,3,2006-09-24 13:02:00,"NYJ",28,256,0,"BUF",20,475,3,8,8,48
2006,3,2006-09-24 13:02:00,"TEN",10,316,3,"MIA",13,289,1,-3,3,23
2006,3,2006-09-24 13:03:00,"CAR",26,350,3,"TB",24,209,2,2,2,50
2006,3,2006-09-24 13:03:00,"WAS",31,495,1,"HOU",15,261,2,16,16,46
2006,3,2006-09-24 13:05:00,"CHI",19,325,2,"MIN",16,286,2,3,3,35
2006,3,2006-09-24 16:06:00,"BAL",15,340,0,"CLE",14,288,2,1,1,29
2006,3,2006-09-24 16:15:00,"PHI",38,416,1,"SF",24,392,2,14,14,62
2006,3,2006-09-24 16:15:00,"LAR",16,364,2,"ARI",14,347,4,2,2,30
2006,3,2006-09-24 16:16:00,"NYG",30,337,4,"SEA",42,333,3,-12,12,72
2006,3,2006-09-24 20:20:00,"DEN",17,400,0,"NE",7,370,0,10,10,24
2006,3,2006-09-25 20:48:00,"ATL",3,229,0,"NO",23,326,0,-20,20,26
2006,4,2006-10-01 13:00:00,"SF",0,165,4,"KC",41,333,0,-41,41,41
2006,4,2006-10-01 13:02:00,"IND",31,352,0,"NYJ",28,321,3,3,3,59
2006,4,2006-10-01 13:02:00,"MIA",15,289,0,"HOU",17,276,2,-2,2,32
2006,4,2006-10-01 13:02:00,"MIN",12,330,2,"BUF",17,298,0,-5,5,29
2006,4,2006-10-01 13:02:00,"NO",18,407,1,"CAR",21,324,0,-3,3,39
2006,4,2006-10-01 13:02:00,"LAC",13,284,1,"BAL",16,206,3,-3,3,29
2006,4,2006-10-01 13:03:00,"ARI",10,187,4,"ATL",32,405,1,-22,22,42
2006,4,2006-10-01 13:04:00,"DAL",45,396,1,"TEN",14,229,3,31,31,59
2006,4,2006-10-01 16:05:00,"DET",34,370,3,"LAR",41,427,0,-7,7,75
2006,4,2006-10-01 16:15:00,"CLE",24,283,3,"LV",21,240,1,3,3,45
2006,4,2006-10-01 16:15:00,"JAC",30,307,2,"WAS",36,481,2,-6,6,66
2006,4,2006-10-01 16:15:00,"NE",38,424,1,"CIN",13,279,2,25,25,51
2006,4,2006-10-01 20:21:00,"SEA",6,230,2,"CHI",37,362,0,-31,31,43
2006,4,2006-10-02 20:40:00,"GB",9,318,3,"PHI",31,398,2,-22,22,40
2006,5,2006-10-08 13:02:00,"CLE",12,248,3,"CAR",20,288,0,-8,8,32
2006,5,2006-10-08 13:02:00,"MIA",10,283,3,"NE",20,213,1,-10,10,30
2006,5,2006-10-08 13:02:00,"LAR",23,327,0,"GB",20,336,2,3,3,43
2006,5,2006-10-08 13:02:00,"TEN",13,277,1,"IND",14,320,2,-1,1,27
2006,5,2006-10-08 13:03:00,"BUF",7,145,5,"CHI",40,351,1,-33,33,47
2006,5,2006-10-08 13:03:00,"TB",21,406,1,"NO",24,314,0,-3,3,45
2006,5,2006-10-08 13:03:00,"WAS",3,164,0,"NYG",19,411,0,-16,16,22
2006,5,2006-10-08 13:05:00,"DET",17,217,4,"MIN",26,336,3,-9,9,43
2006,5,2006-10-08 16:05:00,"KC",23,301,2,"ARI",20,298,1,3,3,43
2006,5,2006-10-08 16:05:00,"NYJ",0,177,4,"JAC",41,312,0,-41,41,41
2006,5,2006-10-08 16:05:00,"LV",20,370,5,"SF",34,330,1,-14,14,54
2006,5,2006-10-08 16:14:00,"DAL",24,320,5,"PHI",38,383,2,-14,14,62
2006,5,2006-10-08 20:15:00,"PIT",13,265,2,"LAC",23,341,1,-10,10,36
2006,5,2006-10-09 20:41:00,"BAL",3,257,3,"DEN",13,222,2,-10,10,16
2006,6,2006-10-15 13:02:00,"CAR",23,414,3,"BAL",21,292,3,2,2,44
2006,6,2006-10-15 13:02:00,"CIN",13,305,0,"TB",14,300,1,-1,1,27
2006,6,2006-10-15 13:02:00,"HOU",6,232,3,"DAL",34,354,0,-28,28,40
2006,6,2006-10-15 13:02:00,"PHI",24,325,2,"NO",27,373,2,-3,3,51
2006,6,2006-10-15 13:02:00,"SEA",30,364,1,"LAR",28,368,2,2,2,58
2006,6,2006-10-15 13:02:00,"TEN",25,344,0,"WAS",22,305,2,3,3,47
2006,6,2006-10-15 13:03:00,"BUF",17,242,3,"DET",20,397,1,-3,3,37
2006,6,2006-10-15 13:04:00,"NYG",27,424,2,"ATL",14,329,2,13,13,41
2006,6,2006-10-15 16:15:00,"KC",7,213,3,"PIT",45,457,1,-38,38,52
2006,6,2006-10-15 16:15:00,"MIA",17,395,3,"NYJ",20,272,0,-3,3,37
2006,6,2006-10-15 16:15:00,"LAC",48,421,0,"SF",19,274,2,29,29,67
2006,6,2006-10-15 20:21:00,"LV",3,244,2,"DEN",13,235,1,-10,10,16
2006,6,2006-10-16 20:42:00,"CHI",24,168,6,"ARI",23,286,2,1,1,47
2006,7,2006-10-22 13:00:00,"LAC",27,349,3,"KC",30,355,1,-3,3,57
2006,7,2006-10-22 13:02:00,"GB",34,346,1,"MIA",24,448,3,10,10,58
2006,7,2006-10-22 13:02:00,"NE",28,265,0,"BUF",6,255,4,22,22,34
2006,7,2006-10-22 13:02:00,"PHI",21,506,4,"TB",23,196,0,-2,2,44
2006,7,2006-10-22 13:03:00,"CAR",14,277,1,"CIN",17,342,0,-3,3,31
2006,7,2006-10-22 13:03:00,"DET",24,386,2,"NYJ",31,398,1,-7,7,55
2006,7,2006-10-22 13:03:00,"JAC",7,220,2,"HOU",27,349,0,-20,20,34
2006,7,2006-10-22 13:05:00,"PIT",38,473,3,"ATL",41,399,2,-3,3,79
2006,7,2006-10-22 16:06:00,"DEN",17,347,2,"CLE",7,165,3,10,10,24
2006,7,2006-10-22 16:15:00,"ARI",9,224,2,"LV",22,395,5,-13,13,31
2006,7,2006-10-22 16:15:00,"WAS",22,325,0,"IND",36,452,0,-14,14,58
2006,7,2006-10-22 16:16:00,"MIN",31,332,0,"SEA",13,290,3,18,18,44
2006,7,2006-10-23 20:40:00,"NYG",36,328,2,"DAL",22,379,4,14,14,58
2006,8,2006-10-29 13:00:00,"SEA",28,240,2,"KC",35,499,3,-7,7,63
2006,8,2006-10-29 13:02:00,"ARI",14,218,1,"GB",31,383,0,-17,17,45
2006,8,2006-10-29 13:02:00,"ATL",29,420,0,"CIN",27,331,1,2,2,56
2006,8,2006-10-29 13:02:00,"HOU",22,427,5,"TEN",28,197,0,-6,6,50
2006,8,2006-10-29 13:03:00,"SF",10,248,5,"CHI",41,402,0,-31,31,51
2006,8,2006-10-29 13:04:00,"BAL",35,293,1,"NO",22,403,5,13,13,57
2006,8,2006-10-29 13:04:00,"TB",3,174,1,"NYG",17,251,0,-14,14,20
2006,8,2006-10-29 13:07:00,"JAC",13,285,1,"PHI",6,227,0,7,7,19
2006,8,2006-10-29 16:05:00,"LAR",24,412,1,"LAC",38,419,0,-14,14,62
2006,8,2006-10-29 16:15:00,"IND",34,437,0,"DEN",31,396,1,3,3,65
2006,8,2006-10-29 16:15:00,"PIT",13,360,4,"LV",20,98,1,-7,7,33
2006,8,2006-10-29 16:16:00,"NYJ",13,193,3,"CLE",20,267,1,-7,7,33
2006,8,2006-10-29 20:20:00,"DAL",35,414,1,"CAR",14,204,3,21,21,49
2006,8,2006-10-30 20:38:00,"NE",31,430,2,"MIN",7,284,4,24,24,38
2006,9,2006-11-05 13:02:00,"CIN",20,275,3,"BAL",26,374,0,-6,6,46
2006,9,2006-11-05 13:02:00,"DAL",19,378,0,"WAS",22,300,1,-3,3,41
2006,9,2006-11-05 13:02:00,"GB",10,427,4,"BUF",24,184,0,-14,14,34
2006,9,2006-11-05 13:02:00,"HOU",10,251,1,"NYG",14,285,1,-4,4,24
2006,9,2006-11-05 13:02:00,"KC",31,317,0,"LAR",17,452,3,14,14,48
2006,9,2006-11-05 13:02:00,"MIA",31,298,2,"CHI",13,292,6,18,18,44
2006,9,2006-11-05 13:02:00,"NO",31,363,0,"TB",14,226,1,17,17,45
2006,9,2006-11-05 13:03:00,"ATL",14,319,3,"DET",30,435,1,-16,16,44
2006,9,2006-11-05 13:03:00,"TEN",7,262,3,"JAC",37,342,0,-30,30,44
2006,9,2006-11-05 16:05:00,"MIN",3,238,3,"SF",9,133,1,-6,6,12
2006,9,2006-11-05 16:15:00,"CLE",25,293,2,"LAC",32,381,1,-7,7,57
2006,9,2006-11-05 16:15:00,"DEN",31,336,0,"PIT",20,499,6,11,11,51
2006,9,2006-11-05 20:20:00,"IND",27,354,2,"NE",20,349,5,7,7,47
2006,9,2006-11-06 20:40:00,"LV",0,185,0,"SEA",16,371,0,-16,16,16
2006,10,2006-11-12 13:02:00,"BUF",16,162,0,"IND",17,384,2,-1,1,33
2006,10,2006-11-12 13:02:00,"NYJ",17,278,1,"NE",14,377,2,3,3,31
2006,10,2006-11-12 13:02:00,"WAS",3,278,1,"PHI",27,400,0,-24,24,30
2006,10,2006-11-12 13:03:00,"BAL",27,421,2,"TEN",26,367,1,1,1,53
2006,10,2006-11-12 13:03:00,"HOU",13,306,0,"JAC",10,322,4,3,3,23
2006,10,2006-11-12 13:03:00,"KC",10,265,0,"MIA",13,306,1,-3,3,23
2006,10,2006-11-12 13:03:00,"LAC",49,431,0,"CIN",41,545,1,8,8,90
2006,10,2006-11-12 13:03:00,"SF",19,315,1,"DET",13,251,4,6,6,32
2006,10,2006-11-12 13:05:00,"CLE",17,236,2,"ATL",13,343,3,4,4,30
2006,10,2006-11-12 13:05:00,"GB",23,394,0,"MIN",17,312,2,6,6,40
2006,10,2006-11-12 16:05:00,"DEN",17,264,3,"LV",13,244,2,4,4,30
2006,10,2006-11-12 16:15:00,"NO",31,513,3,"PIT",38,467,0,-7,7,69
2006,10,2006-11-12 16:16:00,"DAL",27,434,0,"ARI",10,295,3,17,17,37
2006,10,2006-11-12 16:17:00,"LAR",22,299,1,"SEA",24,283,2,-2,2,46
2006,10,2006-11-12 20:21:00,"CHI",38,352,3,"NYG",20,249,3,18,18,58
2006,10,2006-11-13 20:40:00,"TB",10,222,4,"CAR",24,318,2,-14,14,34
2006,11,2006-11-19 13:00:00,"LV",13,326,1,"KC",17,292,0,-4,4,30
2006,11,2006-11-19 13:01:00,"TEN",31,293,1,"PHI",13,390,3,18,18,44
2006,11,2006-11-19 13:02:00,"ATL",10,186,0,"BAL",24,328,1,-14,14,34
2006,11,2006-11-19 13:02:00,"CIN",31,385,1,"NO",16,595,4,15,15,47
2006,11,2006-11-19 13:02:00,"NE",35,357,1,"GB",0,120,1,35,35,35
2006,11,2006-11-19 13:02:00,"LAR",0,111,2,"CAR",15,411,3,-15,15,15
2006,11,2006-11-19 13:03:00,"BUF",24,403,1,"HOU",21,394,2,3,3,45
2006,11,2006-11-19 13:03:00,"MIN",20,361,3,"MIA",24,254,2,-4,4,44
2006,11,2006-11-19 13:03:00,"PIT",24,338,3,"CLE",20,302,2,4,4,44
2006,11,2006-11-19 13:03:00,"WAS",17,252,1,"TB",20,359,2,-3,3,37
2006,11,2006-11-19 13:04:00,"CHI",10,284,0,"NYJ",0,264,2,10,10,10
2006,11,2006-11-19 16:05:00,"DET",10,281,1,"ARI",17,338,0,-7,7,27
2006,11,2006-11-19 16:05:00,"SEA",14,303,5,"SF",20,416,1,-6,6,34
2006,11,2006-11-19 16:15:00,"IND",14,335,4,"DAL",21,342,2,-7,7,35
2006,11,2006-11-19 20:21:00,"LAC",35,342,2,"DEN",27,326,1,8,8,62
2006,11,2006-11-20 20:40:00,"NYG",10,247,3,"JAC",26,414,1,-16,16,36
2006,12,2006-11-23 12:30:00,"MIA",27,395,2,"DET",10,220,2,17,17,37
2006,12,2006-11-23 16:25:00,"TB",10,211,2,"DAL",38,435,0,-28,28,48
2006,12,2006-11-23 20:12:00,"DEN",10,244,1,"KC",19,382,1,-9,9,29
2006,12,2006-11-26 13:02:00,"HOU",11,334,1,"NYJ",26,304,0,-15,15,37
2006,12,2006-11-26 13:02:00,"JAC",24,323,1,"BUF",27,241,1,-3,3,51
2006,12,2006-11-26 13:02:00,"PIT",0,172,3,"BAL",27,275,0,-27,27,27
2006,12,2006-11-26 13:02:00,"SF",17,319,3,"LAR",20,349,1,-3,3,37
2006,12,2006-11-26 13:03:00,"CAR",13,264,2,"WAS",17,253,1,-4,4,30
2006,12,2006-11-26 13:04:00,"CIN",30,388,1,"CLE",0,203,5,30,30,30
2006,12,2006-11-26 13:05:00,"ARI",26,412,5,"MIN",31,412,1,-5,5,57
2006,12,2006-11-26 13:05:00,"NO",31,427,0,"ATL",13,333,0,18,18,44
2006,12,2006-11-26 16:05:00,"LV",14,245,2,"LAC",21,260,1,-7,7,35
2006,12,2006-11-26 16:15:00,"CHI",13,324,4,"NE",17,352,5,-4,4,30
2006,12,2006-11-26 16:15:00,"NYG",21,287,2,"TEN",24,343,2,-3,3,45
2006,12,2006-11-26 20:21:00,"PHI",21,300,3,"IND",45,420,1,-24,24,66
2006,12,2006-11-27 20:41:00,"GB",24,316,4,"SEA",34,382,4,-10,10,58
2006,13,2006-11-30 20:04:00,"BAL",7,316,1,"CIN",13,294,0,-6,6,20
2006,13,2006-12-03 13:02:00,"ARI",34,316,0,"LAR",20,394,3,14,14,54
2006,13,2006-12-03 13:02:00,"DET",21,361,5,"NE",28,363,3,-7,7,49
2006,13,2006-12-03 13:02:00,"NYJ",38,441,2,"GB",10,351,3,28,28,48
2006,13,2006-12-03 13:02:00,"LAC",24,335,2,"BUF",21,230,4,3,3,45
2006,13,2006-12-03 13:03:00,"ATL",24,369,0,"WAS",14,381,2,10,10,38
2006,13,2006-12-03 13:03:00,"IND",17,451,2,"TEN",20,382,2,-3,3,37
2006,13,2006-12-03 13:03:00,"KC",28,417,2,"CLE",31,438,2,-3,3,59
2006,13,2006-12-03 13:03:00,"MIN",13,346,5,"CHI",23,107,5,-10,10,36
2006,13,2006-12-03 13:04:00,"SF",10,202,3,"NO",34,375,0,-24,24,44
2006,13,2006-12-03 16:05:00,"HOU",23,124,2,"LV",14,302,5,9,9,37
2006,13,2006-12-03 16:05:00,"JAC",24,353,1,"MIA",10,309,2,14,14,34
2006,13,2006-12-03 16:15:00,"DAL",23,365,2,"NYG",20,396,1,3,3,43
2006,13,2006-12-03 16:15:00,"TB",3,254,4,"PIT",20,267,1,-17,17,23
2006,13,2006-12-03 20:20:00,"SEA",23,270,1,"DEN",20,302,5,3,3,43
2006,13,2006-12-04 20:40:00,"CAR",24,377,2,"PHI",27,402,0,-3,3,51
2006,14,2006-12-07 20:04:00,"CLE",7,294,2,"PIT",27,528,1,-20,20,34
2006,14,2006-12-10 13:00:00,"BAL",20,376,1,"KC",10,276,3,10,10,30
2006,14,2006-12-10 13:02:00,"ATL",17,280,1,"TB",6,272,2,11,11,23
2006,14,2006-12-10 13:02:00,"NE",0,189,3,"MIA",21,315,0,-21,21,21
2006,14,2006-12-10 13:02:00,"NYG",27,307,0,"CAR",13,463,3,14,14,40
2006,14,2006-12-10 13:02:00,"TEN",26,418,2,"HOU",20,240,0,6,6,46
2006,14,2006-12-10 13:03:00,"IND",17,339,1,"JAC",44,447,1,-27,27,61
2006,14,2006-12-10 13:03:00,"MIN",30,328,2,"DET",20,280,6,10,10,50
2006,14,2006-12-10 13:03:00,"LV",10,223,2,"CIN",27,439,4,-17,17,37
2006,14,2006-12-10 13:03:00,"PHI",21,263,1,"WAS",19,415,2,2,2,40
2006,14,2006-12-10 16:05:00,"SEA",21,348,3,"ARI",27,345,1,-6,6,48
2006,14,2006-12-10 16:06:00,"GB",30,420,0,"SF",19,340,3,11,11,49
2006,14,2006-12-10 16:15:00,"BUF",31,318,1,"NYJ",13,275,3,18,18,44
2006,14,2006-12-10 16:15:00,"DEN",20,328,1,"LAC",48,419,1,-28,28,68
2006,14,2006-12-10 20:21:00,"NO",42,536,0,"DAL",17,347,2,25,25,59
2006,14,2006-12-11 20:30:00,"CHI",42,372,0,"LAR",27,433,1,15,15,69
2006,15,2006-12-14 20:13:00,"SF",24,390,0,"SEA",14,300,2,10,10,38
2006,15,2006-12-16 20:05:00,"DAL",38,352,2,"ATL",28,376,3,10,10,66
2006,15,2006-12-17 13:02:00,"CLE",17,236,2,"BAL",27,373,3,-10,10,44
2006,15,2006-12-17 13:02:00,"DET",9,142,3,"GB",17,303,4,-8,8,26
2006,15,2006-12-17 13:02:00,"HOU",7,198,4,"NE",40,230,0,-33,33,47
2006,15,2006-12-17 13:02:00,"MIA",0,212,2,"BUF",21,286,2,-21,21,21
2006,15,2006-12-17 13:02:00,"PIT",37,306,0,"CAR",3,240,2,34,34,40
2006,15,2006-12-17 13:03:00,"JAC",17,396,4,"TEN",24,98,0,-7,7,41
2006,15,2006-12-17 13:04:00,"WAS",16,354,0,"NO",10,270,1,6,6,26
2006,15,2006-12-17 13:05:00,"NYJ",26,391,2,"MIN",13,307,1,13,13,39
2006,15,2006-12-17 13:05:00,"TB",31,357,2,"CHI",34,446,1,-3,3,65
2006,15,2006-12-17 16:05:00,"DEN",37,362,2,"ARI",20,295,2,17,17,57
2006,15,2006-12-17 16:15:00,"PHI",36,382,2,"NYG",22,358,4,14,14,58
2006,15,2006-12-17 16:15:00,"LAR",20,251,0,"LV",0,260,5,20,20,20
2006,15,2006-12-17 20:15:00,"KC",9,241,2,"LAC",20,353,2,-11,11,29
2006,15,2006-12-18 20:40:00,"CIN",16,278,1,"IND",34,394,1,-18,18,50
2006,16,2006-12-21 20:05:00,"MIN",7,104,1,"GB",9,319,3,-2,2,16
2006,16,2006-12-23 20:00:00,"KC",20,292,1,"LV",9,307,5,11,11,29
2006,16,2006-12-24 13:02:00,"BAL",31,359,3,"PIT",7,251,3,24,24,38
2006,16,2006-12-24 13:02:00,"TEN",30,396,0,"BUF",29,368,2,1,1,59
2006,16,2006-12-24 13:02:00,"WAS",31,336,1,"LAR",37,579,1,-6,6,68
2006,16,2006-12-24 13:03:00,"CAR",10,194,0,"ATL",3,177,2,7,7,13
2006,16,2006-12-24 13:03:00,"CHI",26,354,0,"DET",21,327,1,5,5,47
2006,16,2006-12-24 13:03:00,"IND",24,319,1,"HOU",27,354,0,-3,3,51
2006,16,2006-12-24 13:03:00,"NE",24,359,0,"JAC",21,339,1,3,3,45
2006,16,2006-12-24 13:03:00,"TB",22,355,2,"CLE",7,187,4,15,15,29
2006,16,2006-12-24 13:04:00,"NO",30,359,0,"NYG",7,142,3,23,23,37
2006,16,2006-12-24 16:05:00,"ARI",26,372,1,"SF",20,223,2,6,6,46
2006,16,2006-12-24 16:16:00,"CIN",23,343,4,"DEN",24,287,2,-1,1,47
2006,16,2006-12-24 16:16:00,"LAC",20,340,0,"SEA",17,314,2,3,3,37
2006,16,2006-12-25 17:07:00,"PHI",23,426,1,"DAL",7,201,3,16,16,30
2006,16,2006-12-25 20:43:00,"NYJ",13,324,1,"MIA",10,253,0,3,3,23
2006,17,2006-12-30 20:05:00,"NYG",34,355,0,"WAS",28,393,2,6,6,62
2006,17,2006-12-31 13:00:00,"JAC",30,397,1,"KC",35,395,3,-5,5,65
2006,17,2006-12-31 13:02:00,"CLE",6,306,3,"HOU",14,177,1,-8,8,20
2006,17,2006-12-31 13:02:00,"DET",39,362,1,"DAL",31,365,4,8,8,70
2006,17,2006-12-31 13:02:00,"NE",40,414,0,"TEN",23,342,3,17,17,63
2006,17,2006-12-31 13:02:00,"LV",3,209,3,"NYJ",23,266,0,-20,20,26
2006,17,2006-12-31 13:03:00,"CAR",31,313,0,"NO",21,297,2,10,10,52
2006,17,2006-12-31 13:03:00,"PIT",23,482,2,"CIN",17,295,0,6,6,40
2006,17,2006-12-31 13:03:00,"SEA",23,344,1,"TB",7,287,2,16,16,30
2006,17,2006-12-31 13:05:00,"LAR",41,416,0,"MIN",21,293,2,20,20,62
2006,17,2006-12-31 16:13:00,"ATL",17,378,1,"PHI",24,393,1,-7,7,41
2006,17,2006-12-31 16:15:00,"ARI",20,444,1,"LAC",27,387,1,-7,7,47
2006,17,2006-12-31 16:15:00,"MIA",22,354,1,"IND",27,399,1,-5,5,49
2006,17,2006-12-31 16:16:00,"BUF",7,253,3,"BAL",19,327,1,-12,12,26
2006,17,2006-12-31 16:16:00,"SF",26,360,1,"DEN",23,325,3,3,3,49
2006,17,2006-12-31 20:15:00,"GB",26,373,1,"CHI",7,316,6,19,19,33
2006,101,2007-01-06 16:35:00,"KC",8,126,3,"IND",23,435,3,-15,15,31
2006,101,2007-01-06 20:09:00,"DAL",20,284,1,"SEA",21,332,2,-1,1,41
2006,101,2007-01-07 13:05:00,"NYJ",16,347,2,"NE",37,358,1,-21,21,53
2006,101,2007-01-07 16:39:00,"NYG",20,305,1,"PHI",23,323,0,-3,3,43
2006,102,2007-01-13 16:35:00,"IND",15,261,2,"BAL",6,244,4,9,9,21
2006,102,2007-01-13 20:11:00,"PHI",24,355,0,"NO",27,435,1,-3,3,51
2006,102,2007-01-14 13:06:00,"SEA",24,306,1,"CHI",27,371,2,-3,3,51
2006,102,2007-01-14 16:40:00,"NE",24,327,3,"LAC",21,352,4,3,3,45
2006,103,2007-01-21 15:06:00,"NO",14,375,4,"CHI",39,340,0,-25,25,53
2006,103,2007-01-21 18:44:00,"NE",34,319,1,"IND",38,455,1,-4,4,72
2006,104,2007-02-04 18:27:00,"CHI",17,265,5,"IND",29,430,3,-12,12,46
2007,1,2007-09-06 20:39:00,"NO",10,293,3,"IND",41,452,1,-31,31,51
2007,1,2007-09-09 12:59:00,"CAR",27,385,2,"LAR",13,238,2,14,14,40
2007,1,2007-09-09 13:00:00,"ATL",3,265,2,"MIN",24,302,1,-21,21,27
2007,1,2007-09-09 13:02:00,"DEN",15,470,1,"BUF",14,184,1,1,1,29
2007,1,2007-09-09 13:02:00,"MIA",13,273,1,"WAS",16,400,2,-3,3,29
2007,1,2007-09-09 13:02:00,"PHI",13,283,3,"GB",16,215,2,-3,3,29
2007,1,2007-09-09 13:03:00,"NE",38,431,0,"NYJ",14,227,0,24,24,52
2007,1,2007-09-09 13:03:00,"PIT",34,365,1,"CLE",7,221,5,27,27,41
2007,1,2007-09-09 13:04:00,"TEN",13,350,2,"JAC",10,272,1,3,3,23
2007,1,2007-09-09 13:05:00,"KC",3,219,4,"HOU",20,315,2,-17,17,23
2007,1,2007-09-09 16:15:00,"CHI",3,202,4,"LAC",14,263,2,-11,11,17
2007,1,2007-09-09 16:15:00,"DET",36,392,2,"LV",21,375,3,15,15,57
2007,1,2007-09-09 16:15:00,"TB",6,284,2,"SEA",20,343,1,-14,14,26
2007,1,2007-09-09 20:25:00,"NYG",35,438,1,"DAL",45,478,2,-10,10,80
2007,1,2007-09-10 19:10:00,"BAL",20,314,6,"CIN",27,236,2,-7,7,47
2007,1,2007-09-10 22:25:00,"ARI",17,261,2,"SF",20,194,1,-3,3,37
2007,2,2007-09-16 13:02:00,"BUF",3,223,0,"PIT",26,420,1,-23,23,29
2007,2,2007-09-16 13:02:00,"HOU",34,346,1,"CAR",21,353,3,13,13,55
2007,2,2007-09-16 13:02:00,"IND",22,381,1,"TEN",20,313,2,2,2,42
2007,2,2007-09-16 13:02:00,"SF",17,186,2,"LAR",16,392,3,1,1,33
2007,2,2007-09-16 13:03:00,"CIN",45,531,3,"CLE",51,554,1,-6,6,96
2007,2,2007-09-16 13:03:00,"NO",14,343,2,"TB",31,330,0,-17,17,45
2007,2,2007-09-16 13:04:00,"ATL",7,248,0,"JAC",13,364,0,-6,6,20
2007,2,2007-09-16 13:04:00,"GB",35,368,1,"NYG",13,325,2,22,22,48
2007,2,2007-09-16 16:05:00,"DAL",37,352,0,"MIA",20,334,5,17,17,57
2007,2,2007-09-16 16:05:00,"MIN",17,313,5,"DET",20,415,5,-3,3,37
2007,2,2007-09-16 16:05:00,"SEA",20,362,1,"ARI",23,431,1,-3,3,43
2007,2,2007-09-16 16:15:00,"KC",10,281,2,"CHI",20,239,3,-10,10,30
2007,2,2007-09-16 16:15:00,"NYJ",13,304,2,"BAL",20,303,0,-7,7,33
2007,2,2007-09-16 16:15:00,"LV",20,253,3,"DEN",23,441,2,-3,3,43
2007,2,2007-09-16 20:24:00,"LAC",14,201,3,"NE",38,407,2,-24,24,52
2007,2,2007-09-17 20:40:00,"WAS",20,337,1,"PHI",12,340,0,8,8,32
2007,3,2007-09-23 13:00:00,"ARI",23,364,1,"BAL",26,381,1,-3,3,49
2007,3,2007-09-23 13:00:00,"MIN",10,256,1,"KC",13,251,1,-3,3,23
2007,3,2007-09-23 13:02:00,"BUF",7,193,2,"NE",38,485,1,-31,31,45
2007,3,2007-09-23 13:02:00,"DET",21,432,3,"PHI",56,536,2,-35,35,77
2007,3,2007-09-23 13:02:00,"MIA",28,424,1,"NYJ",31,256,0,-3,3,59
2007,3,2007-09-23 13:02:00,"LAC",24,364,1,"GB",31,405,0,-7,7,55
2007,3,2007-09-23 13:02:00,"SF",16,289,1,"PIT",37,350,1,-21,21,53
2007,3,2007-09-23 13:02:00,"LAR",3,245,3,"TB",24,322,1,-21,21,27
2007,3,2007-09-23 13:03:00,"IND",30,362,0,"HOU",24,254,2,6,6,54
2007,3,2007-09-23 16:05:00,"CIN",21,412,4,"SEA",24,340,2,-3,3,45
2007,3,2007-09-23 16:05:00,"CLE",24,312,2,"LV",26,396,2,-2,2,50
2007,3,2007-09-23 16:05:00,"JAC",23,326,2,"DEN",14,265,3,9,9,37
2007,3,2007-09-23 16:15:00,"CAR",27,313,0,"ATL",20,442,2,7,7,47
2007,3,2007-09-23 16:15:00,"NYG",24,315,3,"WAS",17,260,1,7,7,41
2007,3,2007-09-23 20:24:00,"DAL",34,431,1,"CHI",10,239,4,24,24,44
2007,3,2007-09-24 20:40:00,"TEN",31,284,1,"NO",14,252,5,17,17,45
2007,4,2007-09-30 13:02:00,"BAL",13,418,2,"CLE",27,303,1,-14,14,40
2007,4,2007-09-30 13:02:00,"HOU",16,398,2,"ATL",26,304,0,-10,10,42
2007,4,2007-09-30 13:02:00,"NYJ",14,347,2,"BUF",17,304,2,-3,3,31
2007,4,2007-09-30 13:02:00,"LAR",7,187,1,"DAL",35,502,1,-28,28,42
2007,4,2007-09-30 13:03:00,"CHI",27,303,3,"DET",37,310,2,-10,10,64
2007,4,2007-09-30 13:05:00,"GB",23,384,2,"MIN",16,382,2,7,7,39
2007,4,2007-09-30 13:32:00,"LV",35,369,1,"MIA",17,278,2,18,18,52
2007,4,2007-09-30 16:05:00,"SEA",23,371,1,"SF",3,184,3,20,20,26
2007,4,2007-09-30 16:06:00,"TB",20,365,1,"CAR",7,236,2,13,13,27
2007,4,2007-09-30 16:15:00,"DEN",20,354,2,"IND",38,419,0,-18,18,58
2007,4,2007-09-30 16:15:00,"KC",30,390,2,"LAC",16,333,4,14,14,46
2007,4,2007-09-30 16:15:00,"PIT",14,282,2,"ARI",21,301,2,-7,7,35
2007,4,2007-09-30 20:23:00,"PHI",3,190,1,"NYG",16,212,1,-13,13,19
2007,4,2007-10-01 20:40:00,"NE",34,404,1,"CIN",13,283,2,21,21,47
2007,5,2007-10-07 13:00:00,"JAC",17,357,0,"KC",7,271,1,10,10,24
2007,5,2007-10-07 13:02:00,"ARI",34,383,2,"LAR",31,375,3,3,3,65
2007,5,2007-10-07 13:02:00,"CLE",17,353,4,"NE",34,412,0,-17,17,51
2007,5,2007-10-07 13:02:00,"DET",3,144,2,"WAS",34,366,1,-31,31,37
2007,5,2007-10-07 13:02:00,"MIA",19,285,1,"HOU",22,352,2,-3,3,41
2007,5,2007-10-07 13:02:00,"NYJ",24,277,3,"NYG",35,374,2,-11,11,59
2007,5,2007-10-07 13:02:00,"SEA",0,144,1,"PIT",21,342,0,-21,21,21
2007,5,2007-10-07 13:03:00,"CAR",16,243,1,"NO",13,341,2,3,3,29
2007,5,2007-10-07 13:04:00,"ATL",13,198,2,"TEN",20,249,5,-7,7,33
2007,5,2007-10-07 16:05:00,"TB",14,177,1,"IND",33,400,1,-19,19,47
2007,5,2007-10-07 16:15:00,"BAL",9,315,0,"SF",7,163,1,2,2,16
2007,5,2007-10-07 16:15:00,"LAC",41,484,0,"DEN",3,296,3,38,38,44
2007,5,2007-10-07 20:24:00,"CHI",27,285,1,"GB",20,439,5,7,7,47
2007,5,2007-10-08 20:40:00,"DAL",25,385,6,"BUF",24,229,1,1,1,49
2007,6,2007-10-14 13:00:00,"CIN",20,373,3,"KC",27,354,2,-7,7,47
2007,6,2007-10-14 13:02:00,"MIN",34,444,0,"CHI",31,458,4,3,3,65
2007,6,2007-10-14 13:02:00,"PHI",16,413,1,"NYJ",9,267,1,7,7,25
2007,6,2007-10-14 13:02:00,"LAR",3,264,6,"BAL",22,248,2,-19,19,25
2007,6,2007-10-14 13:02:00,"WAS",14,304,3,"GB",17,225,2,-3,3,31
2007,6,2007-10-14 13:03:00,"HOU",17,390,3,"JAC",37,457,3,-20,20,54
2007,6,2007-10-14 13:03:00,"MIA",31,356,2,"CLE",41,384,1,-10,10,72
2007,6,2007-10-14 13:03:00,"TEN",10,317,3,"TB",13,304,1,-3,3,23
2007,6,2007-10-14 16:05:00,"CAR",25,374,0,"ARI",10,255,5,15,15,35
2007,6,2007-10-14 16:15:00,"LV",14,245,3,"LAC",28,362,1,-14,14,42
2007,6,2007-10-14 16:17:00,"NE",48,448,1,"DAL",27,285,1,21,21,75
2007,6,2007-10-14 20:23:00,"NO",28,367,1,"SEA",17,425,2,11,11,45
2007,6,2007-10-15 20:40:00,"NYG",31,491,3,"ATL",10,284,1,21,21,41
2007,7,2007-10-21 13:02:00,"ARI",19,364,3,"WAS",21,160,1,-2,2,40
2007,7,2007-10-21 13:02:00,"BAL",14,308,1,"BUF",19,242,1,-5,5,33
2007,7,2007-10-21 13:02:00,"NE",49,443,1,"MIA",28,382,2,21,21,77
2007,7,2007-10-21 13:02:00,"TEN",38,422,2,"HOU",36,333,6,2,2,74
2007,7,2007-10-21 13:03:00,"ATL",16,334,0,"NO",22,310,1,-6,6,38
2007,7,2007-10-21 13:03:00,"SF",15,267,4,"NYG",33,279,1,-18,18,48
2007,7,2007-10-21 13:03:00,"TB",16,422,2,"DET",23,278,0,-7,7,39
2007,7,2007-10-21 16:05:00,"KC",12,290,1,"LV",10,268,2,2,2,22
2007,7,2007-10-21 16:05:00,"NYJ",31,342,2,"CIN",38,395,1,-7,7,69
2007,7,2007-10-21 16:14:00,"CHI",19,386,0,"PHI",16,334,0,3,3,35
2007,7,2007-10-21 16:15:00,"MIN",14,196,1,"DAL",24,381,2,-10,10,38
2007,7,2007-10-21 16:16:00,"LAR",6,221,5,"SEA",33,289,1,-27,27,39
2007,7,2007-10-21 20:23:00,"PIT",28,379,3,"DEN",31,324,2,-3,3,59
2007,7,2007-10-22 20:40:00,"IND",29,384,1,"JAC",7,226,3,22,22,36
2007,8,2007-10-28 13:00:00,"CLE",27,368,0,"LAR",20,393,1,7,7,47
2007,8,2007-10-28 13:02:00,"IND",31,395,1,"CAR",7,293,3,24,24,38
2007,8,2007-10-28 13:02:00,"LV",9,235,2,"TEN",13,218,0,-4,4,22
2007,8,2007-10-28 13:02:00,"PIT",24,390,1,"CIN",13,296,1,11,11,37
2007,8,2007-10-28 13:03:00,"NYG",13,238,1,"MIA",10,245,2,3,3,23
2007,8,2007-10-28 13:05:00,"DET",16,365,1,"CHI",7,255,4,9,9,23
2007,8,2007-10-28 13:05:00,"PHI",23,385,0,"MIN",16,256,0,7,7,39
2007,8,2007-10-28 16:05:00,"BUF",13,347,1,"NYJ",3,254,3,10,10,16
2007,8,2007-10-28 16:05:00,"HOU",10,367,5,"LAC",35,237,0,-25,25,45
2007,8,2007-10-28 16:05:00,"JAC",24,219,0,"TB",23,385,3,1,1,47
2007,8,2007-10-28 16:17:00,"NO",31,438,1,"SF",10,260,1,21,21,41
2007,8,2007-10-28 16:17:00,"WAS",7,224,4,"NE",52,486,1,-45,45,59
2007,8,2007-10-29 20:40:00,"GB",19,430,0,"DEN",13,332,1,6,6,32
2007,9,2007-11-04 13:00:00,"ARI",10,195,2,"TB",17,350,0,-7,7,27
2007,9,2007-11-04 13:00:00,"GB",33,432,2,"KC",22,234,2,11,11,55
2007,9,2007-11-04 13:02:00,"CAR",7,191,2,"TEN",20,236,4,-13,13,27
2007,9,2007-11-04 13:02:00,"CIN",21,299,1,"BUF",33,479,1,-12,12,54
2007,9,2007-11-04 13:02:00,"DEN",7,303,4,"DET",44,376,1,-37,37,51
2007,9,2007-11-04 13:02:00,"JAC",24,432,3,"NO",41,538,1,-17,17,65
2007,9,2007-11-04 13:02:00,"SF",16,251,4,"ATL",20,286,1,-4,4,36
2007,9,2007-11-04 13:02:00,"WAS",23,431,1,"NYJ",20,338,1,3,3,43
2007,9,2007-11-04 13:05:00,"LAC",17,229,2,"MIN",35,528,2,-18,18,52
2007,9,2007-11-04 16:06:00,"SEA",30,423,2,"CLE",33,428,1,-3,3,63
2007,9,2007-11-04 16:15:00,"HOU",24,359,1,"LV",17,310,3,7,7,41
2007,9,2007-11-04 16:18:00,"NE",24,342,2,"IND",20,329,2,4,4,44
2007,9,2007-11-04 20:23:00,"DAL",38,434,1,"PHI",17,316,3,21,21,55
2007,9,2007-11-05 20:38:00,"BAL",7,104,4,"PIT",38,291,1,-31,31,45
2007,10,2007-11-11 13:00:00,"DEN",27,327,1,"KC",11,284,4,16,16,38
2007,10,2007-11-11 13:02:00,"BUF",13,214,1,"MIA",10,269,0,3,3,23
2007,10,2007-11-11 13:02:00,"CLE",28,163,1,"PIT",31,401,1,-3,3,59
2007,10,2007-11-11 13:02:00,"MIN",0,247,1,"GB",34,488,0,-34,34,34
2007,10,2007-11-11 13:02:00,"LAR",37,409,0,"NO",29,299,2,8,8,66
2007,10,2007-11-11 13:03:00,"ATL",20,277,1,"CAR",13,235,2,7,7,33
2007,10,2007-11-11 13:03:00,"JAC",28,262,1,"TEN",13,292,3,15,15,41
2007,10,2007-11-11 13:03:00,"PHI",33,379,2,"WAS",25,361,2,8,8,58
2007,10,2007-11-11 16:05:00,"CIN",21,326,0,"BAL",7,272,6,14,14,28
2007,10,2007-11-11 16:15:00,"CHI",17,295,0,"LV",6,193,3,11,11,23
2007,10,2007-11-11 16:15:00,"DAL",31,323,1,"NYG",20,300,2,11,11,51
2007,10,2007-11-11 16:15:00,"DET",21,247,5,"ARI",31,319,4,-10,10,52
2007,10,2007-11-11 20:15:00,"IND",21,386,6,"LAC",23,177,3,-2,2,44
2007,10,2007-11-12 20:41:00,"SF",0,173,2,"SEA",24,380,2,-24,24,24
2007,11,2007-11-18 13:02:00,"ARI",35,247,0,"CIN",27,396,5,8,8,62
2007,11,2007-11-18 13:02:00,"CAR",17,382,3,"GB",31,317,0,-14,14,48
2007,11,2007-11-18 13:02:00,"CLE",33,380,2,"BAL",30,368,4,3,3,63
2007,11,2007-11-18 13:02:00,"KC",10,234,2,"IND",13,216,1,-3,3,23
2007,11,2007-11-18 13:02:00,"MIA",7,186,0,"PHI",17,352,3,-10,10,24
2007,11,2007-11-18 13:02:00,"NO",10,327,3,"HOU",23,390,2,-13,13,33
2007,11,2007-11-18 13:03:00,"NYG",16,341,2,"DET",10,376,4,6,6,26
2007,11,2007-11-18 13:03:00,"LAC",17,388,2,"JAC",24,311,0,-7,7,41
2007,11,2007-11-18 13:05:00,"LV",22,372,2,"MIN",29,478,5,-7,7,51
2007,11,2007-11-18 13:05:00,"TB",31,305,2,"ATL",7,265,4,24,24,38
2007,11,2007-11-18 16:05:00,"PIT",16,263,2,"NYJ",19,297,1,-3,3,35
2007,11,2007-11-18 16:15:00,"LAR",13,207,0,"SF",9,244,2,4,4,22
2007,11,2007-11-18 16:15:00,"WAS",23,423,2,"DAL",28,362,1,-5,5,51
2007,11,2007-11-18 16:16:00,"CHI",23,345,1,"SEA",30,425,1,-7,7,53
2007,11,2007-11-18 20:24:00,"NE",56,510,0,"BUF",10,229,2,46,46,66
2007,11,2007-11-19 20:40:00,"TEN",20,423,3,"DEN",34,359,1,-14,14,54
2007,12,2007-11-22 12:36:00,"GB",37,481,1,"DET",26,331,1,11,11,63
2007,12,2007-11-22 16:20:00,"NYJ",3,180,2,"DAL",34,344,1,-31,31,37
2007,12,2007-11-22 20:16:00,"IND",31,365,1,"ATL",13,250,2,18,18,44
2007,12,2007-11-25 13:00:00,"LV",20,312,1,"KC",17,292,1,3,3,37
2007,12,2007-11-25 13:00:00,"SEA",24,302,2,"LAR",19,265,2,5,5,43
2007,12,2007-11-25 13:02:00,"TEN",6,305,2,"CIN",35,426,1,-29,29,41
2007,12,2007-11-25 13:02:00,"WAS",13,412,6,"TB",19,192,0,-6,6,32
2007,12,2007-11-25 13:03:00,"BUF",14,297,3,"JAC",36,416,1,-22,22,50
2007,12,2007-11-25 13:03:00,"HOU",17,314,3,"CLE",27,397,1,-10,10,44
2007,12,2007-11-25 13:03:00,"MIN",41,251,0,"NYG",17,309,4,24,24,58
2007,12,2007-11-25 13:03:00,"NO",31,373,1,"CAR",6,195,4,25,25,37
2007,12,2007-11-25 16:06:00,"SF",37,374,0,"ARI",31,552,4,6,6,68
2007,12,2007-11-25 16:15:00,"BAL",14,210,2,"LAC",32,332,0,-18,18,46
2007,12,2007-11-25 16:16:00,"DEN",34,430,2,"CHI",37,293,4,-3,3,71
2007,12,2007-11-25 20:23:00,"PHI",28,391,3,"NE",31,410,0,-3,3,59
2007,12,2007-11-26 20:55:00,"MIA",0,159,2,"PIT",3,216,1,-3,3,3
2007,13,2007-11-29 20:16:00,"GB",27,357,2,"DAL",37,414,1,-10,10,64
2007,13,2007-12-02 13:00:00,"ATL",16,435,3,"LAR",28,409,2,-12,12,44
2007,13,2007-12-02 13:00:00,"LAC",24,330,1,"KC",10,268,4,14,14,34
2007,13,2007-12-02 13:02:00,"BUF",17,357,1,"WAS",16,281,2,1,1,33
2007,13,2007-12-02 13:02:00,"HOU",20,315,2,"TEN",28,382,1,-8,8,48
2007,13,2007-12-02 13:02:00,"JAC",25,411,2,"IND",28,342,1,-3,3,53
2007,13,2007-12-02 13:02:00,"SEA",28,311,2,"PHI",24,363,4,4,4,52
2007,13,2007-12-02 13:03:00,"NYJ",40,372,2,"MIA",13,187,5,27,27,53
2007,13,2007-12-02 13:03:00,"SF",14,195,6,"CAR",31,323,2,-17,17,45
2007,13,2007-12-02 13:05:00,"DET",10,253,1,"MIN",42,443,1,-32,32,52
2007,13,2007-12-02 16:05:00,"DEN",20,292,4,"LV",34,372,1,-14,14,54
2007,13,2007-12-02 16:06:00,"CLE",21,379,4,"ARI",27,302,1,-6,6,48
2007,13,2007-12-02 16:15:00,"NYG",21,356,4,"CHI",16,312,0,5,5,37
2007,13,2007-12-02 16:15:00,"TB",27,466,1,"NO",23,246,1,4,4,50
2007,13,2007-12-02 20:24:00,"CIN",10,249,1,"PIT",24,285,4,-14,14,34
2007,13,2007-12-03 20:41:00,"NE",27,326,1,"BAL",24,376,2,3,3,51
2007,14,2007-12-06 20:16:00,"CHI",16,356,2,"WAS",24,345,1,-8,8,40
2007,14,2007-12-09 13:01:00,"TB",14,305,2,"HOU",28,257,2,-14,14,42
2007,14,2007-12-09 13:02:00,"MIA",17,285,5,"BUF",38,389,1,-21,21,55
2007,14,2007-12-09 13:02:00,"NYG",16,318,2,"PHI",13,306,1,3,3,29
2007,14,2007-12-09 13:02:00,"LV",7,233,3,"GB",38,445,1,-31,31,45
2007,14,2007-12-09 13:02:00,"LAC",23,341,3,"TEN",17,240,2,6,6,40
2007,14,2007-12-09 13:02:00,"LAR",10,241,2,"CIN",19,370,2,-9,9,29
2007,14,2007-12-09 13:03:00,"CAR",6,149,2,"JAC",37,427,1,-31,31,43
2007,14,2007-12-09 13:03:00,"DAL",28,368,1,"DET",27,390,0,1,1,55
2007,14,2007-12-09 16:05:00,"MIN",27,280,1,"SF",7,282,5,20,20,34
2007,14,2007-12-09 16:06:00,"ARI",21,355,5,"SEA",42,349,0,-21,21,63
2007,14,2007-12-09 16:15:00,"CLE",24,337,1,"NYJ",18,387,2,6,6,42
2007,14,2007-12-09 16:15:00,"KC",7,129,3,"DEN",41,453,0,-34,34,48
2007,14,2007-12-09 16:15:00,"PIT",13,349,1,"NE",34,421,0,-21,21,47
2007,14,2007-12-09 20:23:00,"IND",44,334,0,"BAL",20,243,5,24,24,64
2007,14,2007-12-10 20:40:00,"NO",34,473,1,"ATL",14,323,1,20,20,48
2007,15,2007-12-13 20:15:00,"DEN",13,308,0,"HOU",31,358,1,-18,18,44
2007,15,2007-12-15 20:15:00,"CIN",13,313,0,"SF",20,337,0,-7,7,33
2007,15,2007-12-16 13:00:00,"GB",33,277,3,"LAR",14,364,2,19,19,47
2007,15,2007-12-16 13:00:00,"TEN",26,327,0,"KC",17,306,3,9,9,43
2007,15,2007-12-16 13:02:00,"NYJ",10,234,2,"NE",20,265,1,-10,10,30
2007,15,2007-12-16 13:02:00,"SEA",10,282,1,"CAR",13,322,0,-3,3,23
2007,15,2007-12-16 13:03:00,"ARI",24,317,2,"NO",31,421,2,-7,7,55
2007,15,2007-12-16 13:03:00,"ATL",3,133,4,"TB",37,285,1,-34,34,40
2007,15,2007-12-16 13:03:00,"BAL",16,345,1,"MIA",22,360,0,-6,6,38
2007,15,2007-12-16 13:03:00,"BUF",0,232,0,"CLE",8,304,0,-8,8,8
2007,15,2007-12-16 13:03:00,"JAC",29,421,1,"PIT",22,217,0,7,7,51
2007,15,2007-12-16 16:05:00,"IND",21,322,1,"LV",14,253,0,7,7,35
2007,15,2007-12-16 16:15:00,"DET",14,328,6,"LAC",51,416,0,-37,37,65
2007,15,2007-12-16 16:15:00,"PHI",10,315,1,"DAL",6,240,3,4,4,16
2007,15,2007-12-16 20:24:00,"WAS",22,309,0,"NYG",10,307,1,12,12,32
2007,15,2007-12-17 20:40:00,"CHI",13,209,1,"MIN",20,372,4,-7,7,33
2007,16,2007-12-20 20:15:00,"PIT",41,425,0,"LAR",24,316,2,17,17,65
2007,16,2007-12-22 20:15:00,"DAL",20,405,1,"CAR",13,216,1,7,7,33
2007,16,2007-12-23 13:02:00,"CLE",14,380,4,"CIN",19,270,3,-5,5,33
2007,16,2007-12-23 13:02:00,"HOU",15,299,3,"IND",38,458,1,-23,23,53
2007,16,2007-12-23 13:02:00,"KC",20,407,1,"DET",25,236,1,-5,5,45
2007,16,2007-12-23 13:02:00,"NYG",38,383,4,"BUF",21,244,4,17,17,59
2007,16,2007-12-23 13:02:00,"LV",11,215,4,"JAC",49,437,2,-38,38,60
2007,16,2007-12-23 13:02:00,"PHI",38,435,1,"NO",23,346,1,15,15,61
2007,16,2007-12-23 13:03:00,"GB",7,274,2,"CHI",35,240,0,-28,28,42
2007,16,2007-12-23 16:05:00,"ATL",27,405,1,"ARI",30,437,0,-3,3,57
2007,16,2007-12-23 16:05:00,"TB",19,434,2,"SF",21,213,2,-2,2,40
2007,16,2007-12-23 16:15:00,"MIA",7,241,0,"NE",28,400,4,-21,21,35
2007,16,2007-12-23 16:15:00,"NYJ",6,296,2,"TEN",10,273,2,-4,4,16
2007,16,2007-12-23 16:16:00,"BAL",6,293,3,"SEA",27,336,2,-21,21,33
2007,16,2007-12-23 20:15:00,"WAS",32,367,0,"MIN",21,299,3,11,11,53
2007,16,2007-12-24 20:10:00,"DEN",3,225,3,"LAC",23,334,1,-20,20,26
2007,17,2007-12-29 20:15:00,"NE",38,390,0,"NYG",35,316,1,3,3,73
2007,17,2007-12-30 13:00:00,"NO",25,413,3,"CHI",33,275,3,-8,8,58
2007,17,2007-12-30 13:01:00,"BUF",9,271,0,"PHI",17,391,2,-8,8,26
2007,17,2007-12-30 13:02:00,"CAR",31,349,2,"TB",23,303,1,8,8,54
2007,17,2007-12-30 13:02:00,"DET",13,293,2,"GB",34,394,1,-21,21,47
2007,17,2007-12-30 13:02:00,"JAC",28,381,1,"HOU",42,290,1,-14,14,70
2007,17,2007-12-30 13:03:00,"CIN",38,393,1,"MIA",25,336,1,13,13,63
2007,17,2007-12-30 13:03:00,"SF",7,185,0,"CLE",20,358,1,-13,13,27
2007,17,2007-12-30 13:04:00,"SEA",41,501,3,"ATL",44,364,0,-3,3,85
2007,17,2007-12-30 16:15:00,"DAL",6,147,1,"WAS",27,354,2,-21,21,33
2007,17,2007-12-30 16:15:00,"KC",10,219,0,"NYJ",13,337,0,-3,3,23
2007,17,2007-12-30 16:15:00,"LAC",30,253,1,"LV",17,316,4,13,13,47
2007,17,2007-12-30 16:15:00,"LAR",19,234,3,"ARI",48,422,2,-29,29,67
2007,17,2007-12-30 16:16:00,"MIN",19,332,3,"DEN",22,362,0,-3,3,41
2007,17,2007-12-30 16:17:00,"PIT",21,264,3,"BAL",27,334,1,-6,6,48
2007,17,2007-12-30 20:24:00,"TEN",16,356,2,"IND",10,194,1,6,6,26
2007,101,2008-01-05 16:35:00,"WAS",14,319,2,"SEA",35,304,2,-21,21,49
2007,101,2008-01-05 20:13:00,"JAC",31,239,2,"PIT",29,340,4,2,2,60
2007,101,2008-01-06 13:03:00,"NYG",24,277,0,"TB",14,271,3,10,10,38
2007,101,2008-01-06 16:30:00,"TEN",6,248,2,"LAC",17,350,1,-11,11,23
2007,102,2008-01-12 16:33:00,"SEA",20,200,1,"GB",42,408,2,-22,22,62
2007,102,2008-01-12 20:15:00,"JAC",20,350,2,"NE",31,403,0,-11,11,51
2007,102,2008-01-13 13:06:00,"LAC",28,411,1,"IND",24,446,3,4,4,52
2007,102,2008-01-13 16:45:00,"NYG",21,230,0,"DAL",17,336,1,4,4,38
2007,103,2008-01-20 15:05:00,"LAC",12,311,2,"NE",21,347,3,-9,9,33
2007,103,2008-01-20 18:42:00,"NYG",23,377,1,"GB",20,264,2,3,3,43
2007,104,2008-02-03 18:30:00,"NE",14,274,1,"NYG",17,338,1,-3,3,31
2008,1,2008-09-04 19:08:00,"WAS",7,209,0,"NYG",16,354,1,-9,9,23
2008,1,2008-09-07 13:02:00,"HOU",17,234,3,"PIT",38,305,1,-21,21,55
2008,1,2008-09-07 13:02:00,"KC",10,284,1,"NE",17,338,2,-7,7,27
2008,1,2008-09-07 13:02:00,"NYJ",20,293,1,"MIA",14,277,1,6,6,34
2008,1,2008-09-07 13:02:00,"SEA",10,252,2,"BUF",34,338,0,-24,24,44
2008,1,2008-09-07 13:02:00,"LAR",3,166,0,"PHI",38,522,0,-35,35,41
2008,1,2008-09-07 13:02:00,"TB",20,352,1,"NO",24,438,1,-4,4,44
2008,1,2008-09-07 13:04:00,"DET",21,316,1,"ATL",34,474,0,-13,13,55
2008,1,2008-09-07 13:05:00,"JAC",10,189,3,"TEN",17,309,2,-7,7,27
2008,1,2008-09-07 13:06:00,"CIN",10,154,2,"BAL",17,358,2,-7,7,27
2008,1,2008-09-07 16:15:00,"CAR",26,388,1,"LAC",24,316,1,2,2,50
2008,1,2008-09-07 16:16:00,"ARI",23,285,0,"SF",13,291,5,10,10,36
2008,1,2008-09-07 16:16:00,"DAL",28,487,1,"CLE",10,205,0,18,18,38
2008,1,2008-09-07 20:23:00,"CHI",29,319,0,"IND",13,293,1,16,16,42
2008,1,2008-09-08 19:10:00,"MIN",19,355,1,"GB",24,317,0,-5,5,43
2008,1,2008-09-08 22:22:00,"DEN",41,441,0,"LV",14,307,1,27,27,55
2008,2,2008-09-14 13:00:00,"NYG",41,441,0,"LAR",13,201,1,28,28,54
2008,2,2008-09-14 13:00:00,"LV",23,355,2,"KC",8,190,2,15,15,31
2008,2,2008-09-14 13:02:00,"TEN",24,295,1,"CIN",7,215,2,17,17,31
2008,2,2008-09-14 13:03:00,"BUF",20,285,1,"JAC",16,243,2,4,4,36
2008,2,2008-09-14 13:03:00,"CHI",17,256,2,"CAR",20,216,1,-3,3,37
2008,2,2008-09-14 13:03:00,"GB",48,447,1,"DET",25,311,3,23,23,73
2008,2,2008-09-14 13:03:00,"NO",24,250,3,"WAS",29,455,1,-5,5,53
2008,2,2008-09-14 13:05:00,"IND",18,321,2,"MIN",15,299,1,3,3,33
2008,2,2008-09-14 16:05:00,"ATL",9,234,2,"TB",24,311,1,-15,15,33
2008,2,2008-09-14 16:06:00,"SF",33,365,1,"SEA",30,351,3,3,3,63
2008,2,2008-09-14 16:15:00,"MIA",10,236,0,"ARI",31,445,0,-21,21,41
2008,2,2008-09-14 16:15:00,"NE",19,260,0,"NYJ",10,256,1,9,9,29
2008,2,2008-09-14 16:15:00,"LAC",38,456,1,"DEN",39,486,1,-1,1,77
2008,2,2008-09-14 20:23:00,"PIT",10,281,0,"CLE",6,208,2,4,4,16
2008,2,2008-09-15 20:40:00,"PHI",37,337,1,"DAL",41,380,2,-4,4,78
2008,3,2008-09-21 13:02:00,"ARI",17,313,2,"WAS",24,323,0,-7,7,41
2008,3,2008-09-21 13:02:00,"CIN",23,347,0,"NYG",26,406,0,-3,3,49
2008,3,2008-09-21 13:02:00,"HOU",12,317,3,"TEN",31,343,2,-19,19,43
2008,3,2008-09-21 13:02:00,"KC",14,301,3,"ATL",38,378,1,-24,24,52
2008,3,2008-09-21 13:02:00,"MIA",38,461,0,"NE",13,215,2,25,25,51
2008,3,2008-09-21 13:02:00,"LV",23,247,1,"BUF",24,378,3,-1,1,47
2008,3,2008-09-21 13:02:00,"TB",27,454,4,"CHI",24,405,2,3,3,51
2008,3,2008-09-21 13:05:00,"CAR",10,204,2,"MIN",20,305,1,-10,10,30
2008,3,2008-09-21 16:06:00,"DET",13,240,2,"SF",31,370,0,-18,18,44
2008,3,2008-09-21 16:06:00,"NO",32,502,1,"DEN",34,369,2,-2,2,66
2008,3,2008-09-21 16:06:00,"LAR",13,240,2,"SEA",37,407,1,-24,24,50
2008,3,2008-09-21 16:14:00,"PIT",6,181,3,"PHI",15,260,3,-9,9,21
2008,3,2008-09-21 16:15:00,"JAC",23,403,1,"IND",21,325,2,2,2,44
2008,3,2008-09-21 16:16:00,"CLE",10,169,3,"BAL",28,273,2,-18,18,38
2008,3,2008-09-21 20:23:00,"DAL",27,453,2,"GB",16,334,1,11,11,43
2008,3,2008-09-22 20:40:00,"NYJ",29,308,4,"LAC",48,357,1,-19,19,77
2008,4,2008-09-28 13:00:00,"DEN",19,446,4,"KC",33,370,1,-14,14,52
2008,4,2008-09-28 13:02:00,"ARI",35,468,7,"NYJ",56,373,1,-21,21,91
2008,4,2008-09-28 13:02:00,"CLE",20,261,2,"CIN",12,211,5,8,8,32
2008,4,2008-09-28 13:02:00,"GB",21,181,4,"TB",30,327,3,-9,9,51
2008,4,2008-09-28 13:02:00,"HOU",27,386,0,"JAC",30,375,0,-3,3,57
2008,4,2008-09-28 13:03:00,"MIN",17,333,4,"TEN",30,275,1,-13,13,47
2008,4,2008-09-28 13:03:00,"SF",17,312,3,"NO",31,467,2,-14,14,48
2008,4,2008-09-28 13:04:00,"ATL",9,268,0,"CAR",24,401,0,-15,15,33
2008,4,2008-09-28 16:05:00,"BUF",31,277,1,"LAR",14,380,2,17,17,45
2008,4,2008-09-28 16:05:00,"LAC",28,295,2,"LV",18,323,2,10,10,46
2008,4,2008-09-28 16:15:00,"WAS",26,381,0,"DAL",24,344,1,2,2,50
2008,4,2008-09-28 20:23:00,"PHI",20,340,2,"CHI",24,256,4,-4,4,44
2008,4,2008-09-29 20:40:00,"BAL",20,243,1,"PIT",23,237,1,-3,3,43
2008,5,2008-10-05 13:02:00,"ATL",27,370,1,"GB",24,408,1,3,3,51
2008,5,2008-10-05 13:02:00,"CHI",34,425,1,"DET",7,185,2,27,27,41
2008,5,2008-10-05 13:02:00,"IND",31,314,1,"HOU",27,391,3,4,4,58
2008,5,2008-10-05 13:02:00,"TEN",13,210,2,"BAL",10,285,2,3,3,23
2008,5,2008-10-05 13:03:00,"LAC",10,202,0,"MIA",17,390,1,-7,7,27
2008,5,2008-10-05 13:03:00,"SEA",6,187,1,"NYG",44,523,0,-38,38,50
2008,5,2008-10-05 13:04:00,"KC",0,127,3,"CAR",34,441,2,-34,34,34
2008,5,2008-10-05 13:04:00,"WAS",23,388,0,"PHI",17,254,0,6,6,40
2008,5,2008-10-05 16:05:00,"TB",13,307,1,"DEN",16,333,1,-3,3,29
2008,5,2008-10-05 16:15:00,"CIN",22,269,2,"DAL",31,373,2,-9,9,53
2008,5,2008-10-05 16:15:00,"NE",30,377,2,"SF",21,199,3,9,9,51
2008,5,2008-10-05 16:16:00,"BUF",17,287,4,"ARI",41,373,0,-24,24,58
2008,5,2008-10-05 20:23:00,"PIT",26,415,1,"JAC",21,213,0,5,5,47
2008,5,2008-10-06 20:40:00,"MIN",30,270,0,"NO",27,375,4,3,3,57
2008,6,2008-10-12 13:02:00,"BAL",3,260,5,"IND",31,334,0,-28,28,34
2008,6,2008-10-12 13:02:00,"CAR",3,282,3,"TB",27,315,0,-24,24,30
2008,6,2008-10-12 13:02:00,"CHI",20,361,1,"ATL",22,376,1,-2,2,42
2008,6,2008-10-12 13:02:00,"CIN",14,171,1,"NYJ",26,252,3,-12,12,40
2008,6,2008-10-12 13:02:00,"MIA",28,370,1,"HOU",29,485,4,-1,1,57
2008,6,2008-10-12 13:02:00,"LV",3,226,2,"NO",34,441,0,-31,31,37
2008,6,2008-10-12 13:03:00,"LAR",19,200,1,"WAS",17,368,3,2,2,36
2008,6,2008-10-12 13:05:00,"DET",10,212,1,"MIN",12,392,3,-2,2,22
2008,6,2008-10-12 16:05:00,"JAC",24,416,2,"DEN",17,323,3,7,7,41
2008,6,2008-10-12 16:15:00,"DAL",24,374,1,"ARI",30,276,3,-6,6,54
2008,6,2008-10-12 16:15:00,"PHI",40,383,1,"SF",26,306,3,14,14,66
2008,6,2008-10-12 16:16:00,"GB",27,313,1,"SEA",17,177,2,10,10,44
2008,6,2008-10-12 20:20:00,"NE",10,299,1,"LAC",30,404,1,-20,20,40
2008,6,2008-10-13 20:41:00,"NYG",14,373,3,"CLE",35,454,0,-21,21,49
2008,7,2008-10-19 13:00:00,"DAL",14,341,4,"LAR",34,325,0,-20,20,48
2008,7,2008-10-19 13:00:00,"TEN",34,455,0,"KC",10,272,0,24,24,44
2008,7,2008-10-19 13:02:00,"BAL",27,357,1,"MIA",13,359,1,14,14,40
2008,7,2008-10-19 13:02:00,"MIN",41,439,5,"CHI",48,327,1,-7,7,89
2008,7,2008-10-19 13:02:00,"LAC",14,263,3,"BUF",23,370,0,-9,9,37
2008,7,2008-10-19 13:02:00,"SF",17,253,3,"NYG",29,273,0,-12,12,46
2008,7,2008-10-19 13:04:00,"NO",7,343,2,"CAR",30,336,0,-23,23,37
2008,7,2008-10-19 13:04:00,"PIT",38,375,0,"CIN",10,212,1,28,28,48
2008,7,2008-10-19 16:05:00,"DET",21,326,0,"HOU",28,404,1,-7,7,49
2008,7,2008-10-19 16:15:00,"IND",14,302,2,"GB",34,302,0,-20,20,48
2008,7,2008-10-19 16:15:00,"NYJ",13,418,3,"LV",16,344,0,-3,3,29
2008,7,2008-10-19 16:16:00,"CLE",11,236,0,"WAS",14,351,1,-3,3,25
2008,7,2008-10-19 20:23:00,"SEA",10,176,2,"TB",20,402,1,-10,10,30
2008,7,2008-10-20 20:40:00,"DEN",7,275,5,"NE",41,404,0,-34,34,48
2008,8,2008-10-26 13:02:00,"ATL",14,335,3,"PHI",27,432,1,-13,13,41
2008,8,2008-10-26 13:02:00,"LV",10,234,1,"BAL",29,375,1,-19,19,39
2008,8,2008-10-26 13:02:00,"LAR",16,358,1,"NE",23,348,2,-7,7,39
2008,8,2008-10-26 13:02:00,"TB",9,262,1,"DAL",13,172,0,-4,4,22
2008,8,2008-10-26 13:03:00,"WAS",25,439,1,"DET",17,274,0,8,8,42
2008,8,2008-10-26 13:04:00,"ARI",23,425,2,"CAR",27,351,1,-4,4,50
2008,8,2008-10-26 13:05:00,"BUF",16,339,4,"MIA",25,358,1,-9,9,41
2008,8,2008-10-26 13:05:00,"KC",24,330,0,"NYJ",28,420,3,-4,4,52
2008,8,2008-10-26 13:06:00,"LAC",32,451,2,"NO",37,409,0,-5,5,69
2008,8,2008-10-26 15:47:00,"CIN",6,253,3,"HOU",35,384,0,-29,29,41
2008,8,2008-10-26 16:05:00,"CLE",23,327,0,"JAC",17,380,1,6,6,40
2008,8,2008-10-26 16:15:00,"NYG",21,282,0,"PIT",14,249,4,7,7,35
2008,8,2008-10-26 16:15:00,"SEA",34,261,0,"SF",13,388,2,21,21,47
2008,8,2008-10-27 20:39:00,"IND",21,317,2,"TEN",31,281,0,-10,10,52
2008,9,2008-11-02 13:00:00,"ARI",34,510,0,"LAR",13,231,3,21,21,47
2008,9,2008-11-02 13:02:00,"BAL",37,429,0,"CLE",27,274,2,10,10,64
2008,9,2008-11-02 13:02:00,"DET",23,333,3,"CHI",27,320,2,-4,4,50
2008,9,2008-11-02 13:02:00,"GB",16,390,2,"TEN",19,347,0,-3,3,35
2008,9,2008-11-02 13:02:00,"JAC",19,282,1,"CIN",21,312,2,-2,2,40
2008,9,2008-11-02 13:02:00,"NYJ",26,297,1,"BUF",17,292,3,9,9,43
2008,9,2008-11-02 13:03:00,"TB",30,423,4,"KC",27,384,1,3,3,57
2008,9,2008-11-02 13:05:00,"HOU",21,389,3,"MIN",28,345,1,-7,7,49
2008,9,2008-11-02 16:05:00,"MIA",26,341,1,"DEN",17,319,3,9,9,43
2008,9,2008-11-02 16:15:00,"ATL",24,453,1,"LV",0,77,2,24,24,24
2008,9,2008-11-02 16:15:00,"DAL",14,183,4,"NYG",35,319,3,-21,21,49
2008,9,2008-11-02 16:16:00,"PHI",26,419,1,"SEA",7,233,0,19,19,33
2008,9,2008-11-02 20:23:00,"NE",15,342,2,"IND",18,301,0,-3,3,33
2008,9,2008-11-03 20:41:00,"PIT",23,224,1,"WAS",6,221,2,17,17,29
2008,10,2008-11-06 20:15:00,"DEN",34,564,1,"CLE",30,399,1,4,4,64
2008,10,2008-11-09 13:02:00,"BAL",41,328,0,"HOU",13,355,4,28,28,54
2008,10,2008-11-09 13:02:00,"BUF",10,168,2,"NE",20,370,1,-10,10,30
2008,10,2008-11-09 13:02:00,"JAC",38,384,0,"DET",14,256,1,24,24,52
2008,10,2008-11-09 13:02:00,"TEN",21,304,1,"CHI",14,243,1,7,7,35
2008,10,2008-11-09 13:03:00,"NO",20,521,3,"ATL",34,361,0,-14,14,54
2008,10,2008-11-09 13:03:00,"SEA",19,298,0,"MIA",21,361,1,-2,2,40
2008,10,2008-11-09 13:03:00,"LAR",3,200,5,"NYJ",47,373,0,-44,44,50
2008,10,2008-11-09 13:05:00,"GB",27,184,0,"MIN",28,361,3,-1,1,55
2008,10,2008-11-09 16:05:00,"CAR",17,219,4,"LV",6,259,3,11,11,23
2008,10,2008-11-09 16:15:00,"IND",24,290,0,"PIT",20,322,3,4,4,44
2008,10,2008-11-09 16:15:00,"KC",19,339,0,"LAC",20,400,2,-1,1,39
2008,10,2008-11-09 20:23:00,"NYG",36,401,2,"PHI",31,300,2,5,5,67
2008,10,2008-11-10 20:40:00,"SF",24,336,3,"ARI",29,374,0,-5,5,53
2008,11,2008-11-13 20:15:00,"NYJ",34,375,1,"NE",31,511,1,3,3,65
2008,11,2008-11-16 13:00:00,"NO",30,369,1,"KC",20,330,1,10,10,50
2008,11,2008-11-16 13:02:00,"BAL",10,275,2,"NYG",30,353,1,-20,20,40
2008,11,2008-11-16 13:02:00,"CHI",3,234,1,"GB",37,427,1,-34,34,40
2008,11,2008-11-16 13:02:00,"DEN",24,332,0,"ATL",20,364,1,4,4,44
2008,11,2008-11-16 13:02:00,"HOU",27,356,1,"IND",33,474,0,-6,6,60
2008,11,2008-11-16 13:02:00,"MIN",13,210,2,"TB",19,363,1,-6,6,32
2008,11,2008-11-16 13:02:00,"LV",15,199,0,"MIA",17,382,1,-2,2,32
2008,11,2008-11-16 13:03:00,"DET",22,316,4,"CAR",31,366,1,-9,9,53
2008,11,2008-11-16 13:03:00,"PHI",13,391,4,"CIN",13,282,1,0,0,26
2008,11,2008-11-16 16:05:00,"LAR",16,406,3,"SF",35,334,2,-19,19,51
2008,11,2008-11-16 16:06:00,"ARI",26,458,3,"SEA",20,196,4,6,6,46
2008,11,2008-11-16 16:15:00,"TEN",24,344,1,"JAC",14,257,1,10,10,38
2008,11,2008-11-16 16:16:00,"LAC",10,218,2,"PIT",11,410,0,-1,1,21
2008,11,2008-11-16 20:23:00,"DAL",14,315,2,"WAS",10,228,1,4,4,24
2008,11,2008-11-17 20:40:00,"CLE",29,337,0,"BUF",27,334,4,2,2,56
2008,12,2008-11-20 20:15:00,"CIN",10,208,1,"PIT",27,364,1,-17,17,37
2008,12,2008-11-23 13:00:00,"BUF",54,444,0,"KC",31,462,5,23,23,85
2008,12,2008-11-23 13:00:00,"CHI",27,334,2,"LAR",3,207,4,24,24,30
2008,12,2008-11-23 13:02:00,"NE",48,530,2,"MIA",28,392,1,20,20,76
2008,12,2008-11-23 13:02:00,"NYJ",34,409,2,"TEN",13,281,1,21,21,47
2008,12,2008-11-23 13:02:00,"PHI",7,206,5,"BAL",36,248,0,-29,29,43
2008,12,2008-11-23 13:03:00,"HOU",16,383,2,"CLE",6,240,5,10,10,22
2008,12,2008-11-23 13:03:00,"SF",22,304,2,"DAL",35,408,1,-13,13,57
2008,12,2008-11-23 13:03:00,"TB",38,255,3,"DET",20,207,3,18,18,58
2008,12,2008-11-23 13:05:00,"MIN",30,226,1,"JAC",12,321,5,18,18,42
2008,12,2008-11-23 16:05:00,"LV",31,318,0,"DEN",10,319,2,21,21,41
2008,12,2008-11-23 16:15:00,"CAR",28,408,0,"ATL",45,392,1,-17,17,73
2008,12,2008-11-23 16:16:00,"NYG",37,321,0,"ARI",29,371,2,8,8,66
2008,12,2008-11-23 16:16:00,"WAS",20,386,1,"SEA",17,228,2,3,3,37
2008,12,2008-11-23 20:20:00,"IND",23,341,1,"LAC",20,394,1,3,3,43
2008,12,2008-11-24 20:40:00,"GB",29,343,3,"NO",51,416,1,-22,22,80
2008,13,2008-11-27 12:37:00,"TEN",47,456,1,"DET",10,154,3,37,37,57
2008,13,2008-11-27 16:29:00,"SEA",9,322,2,"DAL",34,447,1,-25,25,43
2008,13,2008-11-27 20:16:00,"ARI",20,260,4,"PHI",48,437,1,-28,28,68
2008,13,2008-11-30 13:00:00,"MIA",16,337,1,"LAR",12,278,3,4,4,28
2008,13,2008-11-30 13:01:00,"SF",10,195,1,"BUF",3,350,1,7,7,13
2008,13,2008-11-30 13:02:00,"BAL",34,451,0,"CIN",3,155,1,31,31,37
2008,13,2008-11-30 13:02:00,"CAR",35,298,1,"GB",31,438,2,4,4,66
2008,13,2008-11-30 13:02:00,"IND",10,215,3,"CLE",6,193,2,4,4,16
2008,13,2008-11-30 13:02:00,"NO",20,332,3,"TB",23,254,1,-3,3,43
2008,13,2008-11-30 13:04:00,"NYG",23,404,1,"WAS",7,320,2,16,16,30
2008,13,2008-11-30 16:05:00,"ATL",22,348,3,"LAC",16,201,0,6,6,38
2008,13,2008-11-30 16:15:00,"DEN",34,484,1,"NYJ",17,383,2,17,17,51
2008,13,2008-11-30 16:15:00,"KC",20,301,1,"LV",13,271,2,7,7,33
2008,13,2008-11-30 16:15:00,"PIT",33,333,1,"NE",10,267,5,23,23,43
2008,13,2008-11-30 20:15:00,"CHI",14,228,3,"MIN",34,378,1,-20,20,48
2008,13,2008-12-01 20:40:00,"JAC",17,388,3,"HOU",30,326,1,-13,13,47
2008,14,2008-12-04 20:15:00,"LV",7,163,4,"LAC",34,372,1,-27,27,41
2008,14,2008-12-07 13:02:00,"ATL",25,414,1,"NO",29,414,0,-4,4,54
2008,14,2008-12-07 13:02:00,"CIN",3,252,4,"IND",35,334,1,-32,32,38
2008,14,2008-12-07 13:02:00,"HOU",24,549,4,"GB",21,387,1,3,3,45
2008,14,2008-12-07 13:02:00,"JAC",10,278,1,"CHI",23,296,1,-13,13,33
2008,14,2008-12-07 13:03:00,"MIN",20,301,2,"DET",16,268,0,4,4,36
2008,14,2008-12-07 13:04:00,"CLE",9,178,1,"TEN",28,390,3,-19,19,37
2008,14,2008-12-07 13:04:00,"PHI",20,331,0,"NYG",14,211,0,6,6,34
2008,14,2008-12-07 16:05:00,"KC",17,260,0,"DEN",24,425,1,-7,7,41
2008,14,2008-12-07 16:05:00,"MIA",16,295,0,"BUF",3,163,2,13,13,19
2008,14,2008-12-07 16:05:00,"NYJ",14,182,1,"SF",24,375,2,-10,10,38
2008,14,2008-12-07 16:06:00,"NE",24,344,0,"SEA",21,339,1,3,3,45
2008,14,2008-12-07 16:15:00,"LAR",10,308,3,"ARI",34,335,1,-24,24,44
2008,14,2008-12-07 16:16:00,"DAL",13,289,5,"PIT",20,238,2,-7,7,33
2008,14,2008-12-07 20:23:00,"WAS",10,254,3,"BAL",24,281,2,-14,14,34
2008,14,2008-12-08 20:36:00,"TB",23,384,0,"CAR",38,464,2,-15,15,61
2008,15,2008-12-11 20:14:00,"NO",24,345,2,"CHI",27,226,3,-3,3,51
2008,15,2008-12-14 13:00:00,"LAC",22,394,3,"KC",21,277,2,1,1,43
2008,15,2008-12-14 13:00:00,"SEA",23,333,2,"LAR",20,342,2,3,3,43
2008,15,2008-12-14 13:02:00,"BUF",27,306,4,"NYJ",31,372,2,-4,4,58
2008,15,2008-12-14 13:02:00,"DET",21,323,2,"IND",31,421,2,-10,10,52
2008,15,2008-12-14 13:03:00,"SF",9,318,0,"MIA",14,248,0,-5,5,23
2008,15,2008-12-14 13:03:00,"TB",10,325,1,"ATL",13,373,3,-3,3,23
2008,15,2008-12-14 13:03:00,"WAS",13,280,2,"CIN",20,310,0,-7,7,33
2008,15,2008-12-14 13:04:00,"GB",16,338,1,"JAC",20,323,0,-4,4,36
2008,15,2008-12-14 13:05:00,"TEN",12,281,2,"HOU",13,375,1,-1,1,25
2008,15,2008-12-14 16:05:00,"MIN",35,396,1,"ARI",14,316,2,21,21,49
2008,15,2008-12-14 16:15:00,"DEN",10,279,2,"CAR",30,400,1,-20,20,40
2008,15,2008-12-14 16:15:00,"NE",49,487,1,"LV",26,334,1,23,23,75
2008,15,2008-12-14 16:15:00,"PIT",13,311,2,"BAL",9,202,2,4,4,22
2008,15,2008-12-14 20:24:00,"NYG",8,218,2,"DAL",20,321,0,-12,12,28
2008,15,2008-12-15 20:40:00,"CLE",10,196,2,"PHI",30,418,3,-20,20,40
2008,16,2008-12-18 20:15:00,"IND",31,396,0,"JAC",24,409,1,7,7,55
2008,16,2008-12-20 20:15:00,"BAL",33,388,1,"DAL",24,327,2,9,9,57
2008,16,2008-12-21 13:00:00,"MIA",38,403,2,"KC",31,492,4,7,7,69
2008,16,2008-12-21 13:00:00,"SF",17,273,4,"LAR",16,343,1,1,1,33
2008,16,2008-12-21 13:02:00,"ARI",7,186,2,"NE",47,514,0,-40,40,54
2008,16,2008-12-21 13:02:00,"PIT",14,374,4,"TEN",31,322,0,-17,17,45
2008,16,2008-12-21 13:02:00,"LAC",41,370,0,"TB",24,342,3,17,17,65
2008,16,2008-12-21 13:03:00,"CIN",14,246,1,"CLE",0,182,4,14,14,14
2008,16,2008-12-21 13:03:00,"NO",42,532,1,"DET",7,255,2,35,35,49
2008,16,2008-12-21 16:05:00,"HOU",16,324,1,"LV",27,362,1,-11,11,43
2008,16,2008-12-21 16:06:00,"BUF",30,275,0,"DEN",23,532,2,7,7,53
2008,16,2008-12-21 16:06:00,"NYJ",3,265,2,"SEA",13,295,2,-10,10,16
2008,16,2008-12-21 16:15:00,"ATL",24,222,0,"MIN",17,350,4,7,7,41
2008,16,2008-12-21 16:16:00,"PHI",3,275,1,"WAS",10,249,0,-7,7,13
2008,16,2008-12-21 20:23:00,"CAR",28,343,0,"NYG",34,459,0,-6,6,62
2008,16,2008-12-22 20:40:00,"GB",17,325,2,"CHI",20,210,2,-3,3,37
2008,17,2008-12-28 13:02:00,"CLE",0,126,2,"PIT",31,369,1,-31,31,31
2008,17,2008-12-28 13:02:00,"DET",21,316,2,"GB",31,484,1,-10,10,52
2008,17,2008-12-28 13:02:00,"KC",6,220,1,"CIN",16,329,0,-10,10,22
2008,17,2008-12-28 13:02:00,"NE",13,241,0,"BUF",0,276,1,13,13,13
2008,17,2008-12-28 13:02:00,"LV",31,337,1,"TB",24,380,1,7,7,55
2008,17,2008-12-28 13:02:00,"LAR",27,408,0,"ATL",31,417,3,-4,4,58
2008,17,2008-12-28 13:02:00,"TEN",0,125,0,"IND",23,390,0,-23,23,23
2008,17,2008-12-28 13:03:00,"CAR",33,478,0,"NO",31,417,2,2,2,64
2008,17,2008-12-28 13:03:00,"CHI",24,294,1,"HOU",31,455,1,-7,7,55
2008,17,2008-12-28 13:05:00,"NYG",19,357,0,"MIN",20,328,1,-1,1,39
2008,17,2008-12-28 16:15:00,"DAL",6,298,5,"PHI",44,303,1,-38,38,50
2008,17,2008-12-28 16:15:00,"SEA",21,330,3,"ARI",34,457,2,-13,13,55
2008,17,2008-12-28 16:15:00,"WAS",24,268,1,"SF",27,359,1,-3,3,51
2008,17,2008-12-28 16:16:00,"JAC",7,245,4,"BAL",27,431,0,-20,20,34
2008,17,2008-12-28 16:17:00,"MIA",24,319,1,"NYJ",17,331,4,7,7,41
2008,17,2008-12-28 20:23:00,"DEN",21,406,2,"LAC",52,491,0,-31,31,73
2008,101,2009-01-03 16:36:00,"ATL",24,250,3,"ARI",30,357,1,-6,6,54
2008,101,2009-01-03 20:08:00,"IND",17,366,0,"LAC",23,357,2,-6,6,40
2008,101,2009-01-04 13:03:00,"BAL",27,286,1,"MIA",9,276,5,18,18,36
2008,101,2009-01-04 16:40:00,"PHI",26,350,2,"MIN",14,301,2,12,12,40
2008,102,2009-01-10 16:33:00,"BAL",13,211,0,"TEN",10,391,3,3,3,23
2008,102,2009-01-10 20:16:00,"ARI",33,360,1,"CAR",13,269,6,20,20,46
2008,102,2009-01-11 13:06:00,"PHI",23,276,2,"NYG",11,307,3,12,12,34
2008,102,2009-01-11 16:45:00,"LAC",24,290,2,"PIT",35,342,0,-11,11,59
2008,103,2009-01-18 16:06:00,"PHI",25,454,3,"ARI",32,369,1,-7,7,57
2008,103,2009-01-18 18:43:00,"BAL",14,198,4,"PIT",23,275,1,-9,9,37
2008,104,2009-02-01 18:31:00,"ARI",23,407,2,"PIT",27,292,1,-4,4,50
2009,1,2009-09-10 20:41:00,"TEN",10,320,2,"PIT",13,357,3,-3,3,23
2009,1,2009-09-13 13:02:00,"DEN",12,302,0,"CIN",7,307,2,5,5,19
2009,1,2009-09-13 13:02:00,"JAC",12,228,0,"IND",14,365,2,-2,2,26
2009,1,2009-09-13 13:02:00,"KC",24,188,0,"BAL",38,501,1,-14,14,62
2009,1,2009-09-13 13:03:00,"DAL",34,462,0,"TB",21,450,0,13,13,55
2009,1,2009-09-13 13:03:00,"DET",27,231,3,"NO",45,515,3,-18,18,72
2009,1,2009-09-13 13:03:00,"MIN",34,310,0,"CLE",20,268,2,14,14,54
2009,1,2009-09-13 13:03:00,"NYJ",24,462,1,"HOU",7,183,2,17,17,31
2009,1,2009-09-13 13:04:00,"PHI",38,267,2,"CAR",10,169,7,28,28,48
2009,1,2009-09-13 13:05:00,"MIA",7,259,4,"ATL",19,281,0,-12,12,26
2009,1,2009-09-13 13:15:00,"SF",20,203,1,"ARI",16,299,2,4,4,36
2009,1,2009-09-13 16:15:00,"WAS",17,272,2,"NYG",23,351,2,-6,6,40
2009,1,2009-09-13 16:16:00,"LAR",0,247,1,"SEA",28,446,3,-28,28,28
2009,1,2009-09-13 20:30:00,"CHI",15,352,4,"GB",21,226,0,-6,6,36
2009,1,2009-09-14 19:10:00,"BUF",24,276,1,"NE",25,441,1,-1,1,49
2009,1,2009-09-14 22:16:00,"LAC",24,317,2,"LV",20,366,3,4,4,44
2009,2,2009-09-20 13:00:00,"LV",13,166,0,"KC",10,409,2,3,3,23
2009,2,2009-09-20 13:02:00,"CAR",20,440,2,"ATL",28,371,2,-8,8,48
2009,2,2009-09-20 13:02:00,"CIN",31,319,2,"GB",24,311,1,7,7,55
2009,2,2009-09-20 13:02:00,"NE",9,299,1,"NYJ",16,254,1,-7,7,25
2009,2,2009-09-20 13:02:00,"LAR",7,245,1,"WAS",9,362,1,-2,2,16
2009,2,2009-09-20 13:03:00,"ARI",31,383,2,"JAC",17,367,3,14,14,48
2009,2,2009-09-20 13:03:00,"HOU",34,420,0,"TEN",31,449,2,3,3,65
2009,2,2009-09-20 13:03:00,"MIN",27,265,1,"DET",13,265,3,14,14,40
2009,2,2009-09-20 13:04:00,"NO",48,421,1,"PHI",22,463,4,26,26,70
2009,2,2009-09-20 16:05:00,"SEA",10,283,1,"SF",23,379,0,-13,13,33
2009,2,2009-09-20 16:05:00,"TB",20,353,2,"BUF",33,438,2,-13,13,53
2009,2,2009-09-20 16:15:00,"BAL",31,311,1,"LAC",26,474,2,5,5,57
2009,2,2009-09-20 16:15:00,"CLE",6,200,3,"DEN",27,449,1,-21,21,33
2009,2,2009-09-20 16:15:00,"PIT",14,308,2,"CHI",17,275,0,-3,3,31
2009,2,2009-09-20 20:20:00,"NYG",33,427,0,"DAL",31,378,4,2,2,64
2009,2,2009-09-21 20:42:00,"IND",27,356,0,"MIA",23,403,1,4,4,50
2009,3,2009-09-27 13:00:00,"GB",36,402,0,"LAR",17,336,3,19,19,53
2009,3,2009-09-27 13:00:00,"NYG",24,397,0,"TB",0,86,1,24,24,24
2009,3,2009-09-27 13:02:00,"ATL",10,257,1,"NE",26,445,0,-16,16,36
2009,3,2009-09-27 13:02:00,"CLE",3,186,4,"BAL",34,479,1,-31,31,37
2009,3,2009-09-27 13:02:00,"KC",14,196,1,"PHI",34,420,1,-20,20,48
2009,3,2009-09-27 13:02:00,"WAS",14,390,1,"DET",19,381,0,-5,5,33
2009,3,2009-09-27 13:03:00,"JAC",31,399,1,"HOU",24,397,2,7,7,55
2009,3,2009-09-27 13:03:00,"SF",24,246,1,"MIN",27,377,1,-3,3,51
2009,3,2009-09-27 13:03:00,"TEN",17,286,4,"NYJ",24,229,2,-7,7,41
2009,3,2009-09-27 16:05:00,"NO",27,378,1,"BUF",7,243,2,20,20,34
2009,3,2009-09-27 16:06:00,"CHI",25,318,2,"SEA",19,346,2,6,6,44
2009,3,2009-09-27 16:15:00,"DEN",23,372,1,"LV",3,137,3,20,20,26
2009,3,2009-09-27 16:15:00,"MIA",13,289,2,"LAC",23,355,1,-10,10,36
2009,3,2009-09-27 16:15:00,"PIT",20,373,1,"CIN",23,273,0,-3,3,43
2009,3,2009-09-27 20:31:00,"IND",31,505,1,"ARI",10,323,3,21,21,41
2009,3,2009-09-28 20:40:00,"CAR",7,271,3,"DAL",21,449,0,-14,14,28
2009,4,2009-10-04 13:00:00,"NYG",27,429,2,"KC",16,212,1,11,11,43
2009,4,2009-10-04 13:00:00,"TB",13,229,2,"WAS",16,277,4,-3,3,29
2009,4,2009-10-04 13:02:00,"BAL",21,363,2,"NE",27,319,1,-6,6,48
2009,4,2009-10-04 13:02:00,"DET",24,398,2,"CHI",48,276,0,-24,24,72
2009,4,2009-10-04 13:02:00,"LV",6,165,3,"HOU",29,329,2,-23,23,35
2009,4,2009-10-04 13:03:00,"CIN",23,375,2,"CLE",20,395,2,3,3,43
2009,4,2009-10-04 13:03:00,"SEA",17,279,2,"IND",34,431,1,-17,17,51
2009,4,2009-10-04 13:05:00,"TEN",17,379,3,"JAC",37,442,1,-20,20,54
2009,4,2009-10-04 16:05:00,"BUF",10,206,3,"MIA",38,336,0,-28,28,48
2009,4,2009-10-04 16:05:00,"NYJ",10,244,4,"NO",24,343,1,-14,14,34
2009,4,2009-10-04 16:15:00,"DAL",10,315,2,"DEN",17,337,1,-7,7,27
2009,4,2009-10-04 16:15:00,"LAR",0,177,3,"SF",35,228,0,-35,35,35
2009,4,2009-10-04 20:30:00,"LAC",28,251,1,"PIT",38,497,1,-10,10,66
2009,4,2009-10-05 20:40:00,"GB",23,424,2,"MIN",30,334,1,-7,7,53
2009,5,2009-10-11 13:00:00,"DAL",26,498,2,"KC",20,304,0,6,6,46
2009,5,2009-10-11 13:00:00,"MIN",38,377,1,"LAR",10,400,4,28,28,48
2009,5,2009-10-11 13:01:00,"CLE",6,193,1,"BUF",3,288,3,3,3,9
2009,5,2009-10-11 13:02:00,"CIN",17,403,2,"BAL",14,257,2,3,3,31
2009,5,2009-10-11 13:02:00,"LV",7,124,3,"NYG",44,483,1,-37,37,51
2009,5,2009-10-11 13:02:00,"PIT",28,344,1,"DET",20,335,1,8,8,48
2009,5,2009-10-11 13:02:00,"TB",14,303,3,"PHI",33,325,0,-19,19,47
2009,5,2009-10-11 13:04:00,"WAS",17,198,1,"CAR",20,248,2,-3,3,37
2009,5,2009-10-11 16:05:00,"ATL",45,477,2,"SF",10,279,3,35,35,55
2009,5,2009-10-11 16:15:00,"HOU",21,416,1,"ARI",28,340,1,-7,7,49
2009,5,2009-10-11 16:16:00,"JAC",0,199,2,"SEA",41,379,0,-41,41,41
2009,5,2009-10-11 16:16:00,"NE",17,305,1,"DEN",20,424,2,-3,3,37
2009,5,2009-10-11 20:30:00,"IND",31,367,2,"TEN",9,245,2,22,22,40
2009,5,2009-10-12 20:38:00,"NYJ",27,309,0,"MIA",31,413,0,-4,4,58
2009,6,2009-10-18 13:00:00,"CAR",28,322,3,"TB",21,245,2,7,7,49
2009,6,2009-10-18 13:01:00,"CLE",14,197,4,"PIT",27,543,4,-13,13,41
2009,6,2009-10-18 13:02:00,"DET",0,149,3,"GB",26,435,2,-26,26,26
2009,6,2009-10-18 13:02:00,"HOU",28,472,2,"CIN",17,296,3,11,11,45
2009,6,2009-10-18 13:03:00,"KC",14,268,0,"WAS",6,265,2,8,8,20
2009,6,2009-10-18 13:03:00,"NYG",27,325,2,"NO",48,493,0,-21,21,75
2009,6,2009-10-18 13:03:00,"LAR",20,262,1,"JAC",23,492,3,-3,3,43
2009,6,2009-10-18 13:05:00,"BAL",31,448,0,"MIN",33,426,0,-2,2,64
2009,6,2009-10-18 16:05:00,"ARI",27,344,2,"SEA",3,128,2,24,24,30
2009,6,2009-10-18 16:05:00,"PHI",9,283,0,"LV",13,325,2,-4,4,22
2009,6,2009-10-18 16:15:00,"BUF",16,296,2,"NYJ",13,414,6,3,3,29
2009,6,2009-10-18 16:15:00,"TEN",0,186,5,"NE",59,619,0,-59,59,59
2009,6,2009-10-18 20:30:00,"CHI",14,373,3,"ATL",21,253,2,-7,7,35
2009,6,2009-10-19 20:40:00,"DEN",34,328,0,"LAC",23,311,1,11,11,57
2009,7,2009-10-25 13:00:00,"IND",42,391,0,"LAR",6,272,2,36,36,48
2009,7,2009-10-25 13:00:00,"LAC",37,403,0,"KC",7,203,3,30,30,44
2009,7,2009-10-25 13:02:00,"GB",31,460,0,"CLE",3,139,2,28,28,34
2009,7,2009-10-25 13:03:00,"MIN",17,386,2,"PIT",27,259,1,-10,10,44
2009,7,2009-10-25 13:04:00,"SF",21,297,2,"HOU",24,336,1,-3,3,45
2009,7,2009-10-25 13:06:00,"NE",35,414,2,"TB",7,240,3,28,28,42
2009,7,2009-10-25 16:05:00,"BUF",20,167,0,"CAR",9,425,4,11,11,29
2009,7,2009-10-25 16:05:00,"NYJ",38,447,0,"LV",0,263,4,38,38,38
2009,7,2009-10-25 16:15:00,"ATL",21,298,3,"DAL",37,414,1,-16,16,58
2009,7,2009-10-25 16:15:00,"NO",46,414,4,"MIA",34,334,3,12,12,80
2009,7,2009-10-25 16:16:00,"CHI",10,279,4,"CIN",45,448,0,-35,35,55
2009,7,2009-10-25 20:30:00,"ARI",24,288,2,"NYG",17,327,4,7,7,41
2009,7,2009-10-26 20:41:00,"PHI",27,262,0,"WAS",17,308,4,10,10,44
2009,8,2009-11-01 13:00:00,"CLE",6,191,5,"CHI",30,369,1,-24,24,36
2009,8,2009-11-01 13:02:00,"DEN",7,200,1,"BAL",30,292,0,-23,23,37
2009,8,2009-11-01 13:02:00,"HOU",31,439,3,"BUF",10,204,2,21,21,41
2009,8,2009-11-01 13:02:00,"MIA",30,104,1,"NYJ",25,378,1,5,5,55
2009,8,2009-11-01 13:03:00,"NYG",17,356,3,"PHI",40,391,2,-23,23,57
2009,8,2009-11-01 13:03:00,"SF",14,295,2,"IND",18,410,0,-4,4,32
2009,8,2009-11-01 13:03:00,"SEA",17,308,2,"DAL",38,362,1,-21,21,55
2009,8,2009-11-01 13:03:00,"LAR",17,362,1,"DET",10,289,1,7,7,27
2009,8,2009-11-01 16:05:00,"JAC",13,330,2,"TEN",30,430,0,-17,17,43
2009,8,2009-11-01 16:05:00,"LV",16,180,1,"LAC",24,346,2,-8,8,40
2009,8,2009-11-01 16:15:00,"CAR",34,355,0,"ARI",21,320,6,13,13,55
2009,8,2009-11-01 16:15:00,"MIN",38,355,2,"GB",26,351,0,12,12,64
2009,8,2009-11-02 20:40:00,"ATL",27,442,3,"NO",35,437,4,-8,8,62
2009,9,2009-11-08 13:02:00,"BAL",7,215,2,"CIN",17,369,1,-10,10,24
2009,9,2009-11-08 13:02:00,"HOU",17,382,3,"IND",20,378,2,-3,3,37
2009,9,2009-11-08 13:02:00,"MIA",17,334,0,"NE",27,432,1,-10,10,44
2009,9,2009-11-08 13:03:00,"ARI",41,438,1,"CHI",21,417,1,20,20,62
2009,9,2009-11-08 13:03:00,"GB",28,404,3,"TB",38,279,1,-10,10,66
2009,9,2009-11-08 13:03:00,"KC",21,301,0,"JAC",24,426,1,-3,3,45
2009,9,2009-11-08 13:03:00,"WAS",17,312,1,"ATL",31,306,1,-14,14,48
2009,9,2009-11-08 16:05:00,"CAR",20,371,3,"NO",30,414,2,-10,10,50
2009,9,2009-11-08 16:06:00,"DET",20,300,5,"SEA",32,397,2,-12,12,52
2009,9,2009-11-08 16:15:00,"LAC",21,226,2,"NYG",20,304,1,1,1,41
2009,9,2009-11-08 16:15:00,"TEN",34,315,0,"SF",27,358,4,7,7,61
2009,9,2009-11-08 20:31:00,"DAL",20,358,1,"PHI",16,297,2,4,4,36
2009,9,2009-11-09 20:41:00,"PIT",28,375,2,"DEN",10,242,3,18,18,38
2009,10,2009-11-12 20:20:00,"CHI",6,350,5,"SF",10,216,1,-4,4,16
2009,10,2009-11-15 13:00:00,"NO",28,420,3,"LAR",23,434,1,5,5,51
2009,10,2009-11-15 13:02:00,"BUF",17,296,2,"TEN",41,378,1,-24,24,58
2009,10,2009-11-15 13:02:00,"CIN",18,218,0,"PIT",12,226,1,6,6,30
2009,10,2009-11-15 13:02:00,"DEN",17,305,2,"WAS",27,388,0,-10,10,44
2009,10,2009-11-15 13:02:00,"JAC",24,347,1,"NYJ",22,322,3,2,2,46
2009,10,2009-11-15 13:03:00,"ATL",19,400,2,"CAR",28,380,0,-9,9,47
2009,10,2009-11-15 13:03:00,"TB",23,301,2,"MIA",25,374,2,-2,2,48
2009,10,2009-11-15 13:05:00,"DET",10,297,1,"MIN",27,492,2,-17,17,37
2009,10,2009-11-15 16:05:00,"KC",16,318,3,"LV",10,272,2,6,6,26
2009,10,2009-11-15 16:15:00,"DAL",7,278,3,"GB",17,283,0,-10,10,24
2009,10,2009-11-15 16:15:00,"PHI",23,462,1,"LAC",31,331,0,-8,8,54
2009,10,2009-11-15 16:15:00,"SEA",20,472,2,"ARI",31,462,0,-11,11,51
2009,10,2009-11-15 20:31:00,"NE",34,477,2,"IND",35,407,2,-1,1,69
2009,10,2009-11-16 20:40:00,"BAL",16,274,0,"CLE",0,160,2,16,16,16
2009,11,2009-11-19 20:20:00,"MIA",24,326,0,"CAR",17,383,1,7,7,41
2009,11,2009-11-22 13:00:00,"NO",38,370,0,"TB",7,219,4,31,31,45
2009,11,2009-11-22 13:00:00,"PIT",24,516,3,"KC",27,282,1,-3,3,51
2009,11,2009-11-22 13:02:00,"CLE",37,439,0,"DET",38,473,2,-1,1,75
2009,11,2009-11-22 13:02:00,"IND",17,375,3,"BAL",15,354,2,2,2,32
2009,11,2009-11-22 13:02:00,"SF",24,284,1,"GB",30,484,0,-6,6,54
2009,11,2009-11-22 13:03:00,"ATL",31,352,1,"NYG",34,456,1,-3,3,65
2009,11,2009-11-22 13:03:00,"BUF",15,343,3,"JAC",18,310,2,-3,3,33
2009,11,2009-11-22 13:03:00,"WAS",6,324,1,"DAL",7,305,2,-1,1,13
2009,11,2009-11-22 13:05:00,"SEA",9,212,2,"MIN",35,431,0,-26,26,44
2009,11,2009-11-22 16:05:00,"ARI",21,444,2,"LAR",13,314,1,8,8,34
2009,11,2009-11-22 16:15:00,"CIN",17,348,4,"LV",20,275,3,-3,3,37
2009,11,2009-11-22 16:15:00,"NYJ",14,226,5,"NE",31,410,1,-17,17,45
2009,11,2009-11-22 16:15:00,"LAC",32,348,0,"DEN",3,271,3,29,29,35
2009,11,2009-11-22 20:30:00,"PHI",24,377,3,"CHI",20,284,1,4,4,44
2009,11,2009-11-23 20:40:00,"TEN",20,344,1,"HOU",17,340,0,3,3,37
2009,12,2009-11-26 12:35:00,"GB",34,422,2,"DET",12,272,5,22,22,46
2009,12,2009-11-26 16:15:00,"LV",7,305,1,"DAL",24,494,0,-17,17,31
2009,12,2009-11-26 20:21:00,"NYG",6,267,3,"DEN",26,373,1,-20,20,32
2009,12,2009-11-29 13:00:00,"SEA",27,265,1,"LAR",17,364,2,10,10,44
2009,12,2009-11-29 13:02:00,"CAR",6,179,4,"NYJ",17,283,3,-11,11,23
2009,12,2009-11-29 13:02:00,"CLE",7,169,0,"CIN",16,306,0,-9,9,23
2009,12,2009-11-29 13:02:00,"IND",35,342,2,"HOU",27,396,3,8,8,62
2009,12,2009-11-29 13:02:00,"MIA",14,325,4,"BUF",31,336,1,-17,17,45
2009,12,2009-11-29 13:03:00,"TB",17,318,1,"ATL",20,297,1,-3,3,37
2009,12,2009-11-29 13:03:00,"WAS",24,303,2,"PHI",27,381,1,-3,3,51
2009,12,2009-11-29 16:05:00,"JAC",3,357,2,"SF",20,284,0,-17,17,23
2009,12,2009-11-29 16:05:00,"KC",14,284,4,"LAC",43,426,1,-29,29,57
2009,12,2009-11-29 16:15:00,"ARI",17,292,0,"TEN",20,532,1,-3,3,37
2009,12,2009-11-29 16:15:00,"CHI",10,169,3,"MIN",36,537,1,-26,26,46
2009,12,2009-11-29 20:30:00,"PIT",17,298,1,"BAL",20,393,2,-3,3,37
2009,12,2009-11-30 20:40:00,"NE",17,366,3,"NO",38,480,1,-21,21,55
2009,13,2009-12-03 20:20:00,"NYJ",19,331,0,"BUF",13,194,2,6,6,32
2009,13,2009-12-06 13:00:00,"DEN",44,413,3,"KC",13,222,3,31,31,57
2009,13,2009-12-06 13:02:00,"DET",13,245,2,"CIN",23,321,3,-10,10,36
2009,13,2009-12-06 13:02:00,"NE",21,448,2,"MIA",22,416,1,-1,1,43
2009,13,2009-12-06 13:02:00,"LV",27,396,0,"PIT",24,401,1,3,3,51
2009,13,2009-12-06 13:02:00,"LAR",9,233,2,"CHI",17,248,1,-8,8,26
2009,13,2009-12-06 13:03:00,"HOU",18,305,3,"JAC",23,323,1,-5,5,41
2009,13,2009-12-06 13:03:00,"NO",33,463,1,"WAS",30,455,4,3,3,63
2009,13,2009-12-06 13:03:00,"PHI",34,380,0,"ATL",7,295,3,27,27,41
2009,13,2009-12-06 13:03:00,"TB",6,469,5,"CAR",16,309,2,-10,10,22
2009,13,2009-12-06 13:03:00,"TEN",17,375,2,"IND",27,358,0,-10,10,44
2009,13,2009-12-06 16:05:00,"LAC",30,477,0,"CLE",23,372,1,7,7,53
2009,13,2009-12-06 16:15:00,"DAL",24,424,1,"NYG",31,337,2,-7,7,55
2009,13,2009-12-06 16:16:00,"SF",17,356,2,"SEA",20,292,1,-3,3,37
2009,13,2009-12-06 20:20:00,"MIN",17,315,2,"ARI",30,398,1,-13,13,47
2009,13,2009-12-07 20:40:00,"BAL",14,185,4,"GB",27,350,3,-13,13,41
2009,14,2009-12-10 20:21:00,"PIT",6,218,0,"CLE",13,255,0,-7,7,19
2009,14,2009-12-13 13:00:00,"BUF",16,273,3,"KC",10,354,4,6,6,26
2009,14,2009-12-13 13:00:00,"NYJ",26,310,1,"TB",3,124,3,23,23,29
2009,14,2009-12-13 13:02:00,"CAR",10,305,0,"NE",20,377,3,-10,10,30
2009,14,2009-12-13 13:02:00,"DEN",16,357,1,"IND",28,312,3,-12,12,44
2009,14,2009-12-13 13:02:00,"DET",3,229,2,"BAL",48,548,1,-45,45,51
2009,14,2009-12-13 13:02:00,"GB",21,315,2,"CHI",14,254,2,7,7,35
2009,14,2009-12-13 13:02:00,"NO",26,391,0,"ATL",23,392,1,3,3,49
2009,14,2009-12-13 13:02:00,"SEA",7,282,1,"HOU",34,450,2,-27,27,41
2009,14,2009-12-13 13:03:00,"MIA",14,354,3,"JAC",10,217,0,4,4,24
2009,14,2009-12-13 13:05:00,"CIN",10,210,1,"MIN",30,322,1,-20,20,40
2009,14,2009-12-13 16:05:00,"LAR",7,240,5,"TEN",47,446,1,-40,40,54
2009,14,2009-12-13 16:05:00,"WAS",34,295,1,"LV",13,227,1,21,21,47
2009,14,2009-12-13 16:15:00,"LAC",20,341,1,"DAL",17,347,0,3,3,37
2009,14,2009-12-13 20:30:00,"PHI",45,374,1,"NYG",38,512,4,7,7,83
2009,14,2009-12-14 20:40:00,"ARI",9,245,7,"SF",24,327,2,-15,15,33
2009,15,2009-12-17 20:21:00,"IND",35,369,1,"JAC",31,345,1,4,4,66
2009,15,2009-12-19 20:22:00,"DAL",24,439,0,"NO",17,336,3,7,7,41
2009,15,2009-12-20 13:00:00,"CLE",41,417,3,"KC",34,491,1,7,7,75
2009,15,2009-12-20 13:00:00,"HOU",16,419,2,"LAR",13,237,2,3,3,29
2009,15,2009-12-20 13:02:00,"ARI",31,340,3,"DET",24,282,3,7,7,55
2009,15,2009-12-20 13:02:00,"MIA",24,468,4,"TEN",27,364,2,-3,3,51
2009,15,2009-12-20 13:02:00,"NE",17,224,1,"BUF",10,241,1,7,7,27
2009,15,2009-12-20 13:03:00,"ATL",10,238,0,"NYJ",7,314,3,3,3,17
2009,15,2009-12-20 16:05:00,"CIN",24,407,1,"LAC",27,366,2,-3,3,51
2009,15,2009-12-20 16:05:00,"LV",20,343,2,"DEN",19,337,0,1,1,39
2009,15,2009-12-20 16:15:00,"CHI",7,220,6,"BAL",31,346,1,-24,24,38
2009,15,2009-12-20 16:15:00,"GB",36,436,0,"PIT",37,537,0,-1,1,73
2009,15,2009-12-20 16:16:00,"SF",13,261,4,"PHI",27,422,2,-14,14,40
2009,15,2009-12-20 16:16:00,"TB",24,339,1,"SEA",7,380,5,17,17,31
2009,15,2009-12-20 20:30:00,"MIN",7,237,2,"CAR",26,397,0,-19,19,33
2009,15,2009-12-21 20:40:00,"NYG",45,387,0,"WAS",12,302,3,33,33,57
2009,16,2009-12-25 19:34:00,"LAC",42,425,1,"TEN",17,270,3,25,25,59
2009,16,2009-12-27 13:01:00,"LV",9,389,3,"CLE",23,282,1,-14,14,32
2009,16,2009-12-27 13:02:00,"BAL",20,323,3,"PIT",23,286,2,-3,3,43
2009,16,2009-12-27 13:02:00,"BUF",3,178,3,"ATL",31,391,0,-28,28,34
2009,16,2009-12-27 13:02:00,"HOU",27,406,1,"MIA",20,363,1,7,7,47
2009,16,2009-12-27 13:02:00,"JAC",7,275,2,"NE",35,464,1,-28,28,42
2009,16,2009-12-27 13:02:00,"SEA",10,291,4,"GB",48,417,0,-38,38,58
2009,16,2009-12-27 13:03:00,"CAR",41,416,0,"NYG",9,317,4,32,32,50
2009,16,2009-12-27 13:03:00,"KC",10,295,2,"CIN",17,274,1,-7,7,27
2009,16,2009-12-27 13:03:00,"TB",20,439,2,"NO",17,373,1,3,3,37
2009,16,2009-12-27 16:04:00,"DET",6,289,6,"SF",20,310,1,-14,14,26
2009,16,2009-12-27 16:05:00,"LAR",10,238,4,"ARI",31,407,1,-21,21,41
2009,16,2009-12-27 16:16:00,"DEN",27,241,1,"PHI",30,394,3,-3,3,57
2009,16,2009-12-27 16:16:00,"NYJ",29,293,0,"IND",15,286,2,14,14,44
2009,16,2009-12-27 20:31:00,"DAL",17,393,1,"WAS",0,208,1,17,17,17
2009,16,2009-12-28 20:40:00,"MIN",30,423,2,"CHI",36,363,1,-6,6,66
2009,17,2010-01-03 13:00:00,"SF",28,329,0,"LAR",6,109,0,22,22,34
2009,17,2010-01-03 13:02:00,"IND",7,157,3,"BUF",30,403,0,-23,23,37
2009,17,2010-01-03 13:02:00,"JAC",17,328,1,"CLE",23,300,1,-6,6,40
2009,17,2010-01-03 13:02:00,"NE",27,317,2,"HOU",34,439,1,-7,7,61
2009,17,2010-01-03 13:02:00,"PIT",30,403,2,"MIA",24,303,3,6,6,54
2009,17,2010-01-03 13:03:00,"ATL",20,397,3,"TB",10,206,2,10,10,30
2009,17,2010-01-03 13:03:00,"CHI",37,418,0,"DET",23,349,2,14,14,60
2009,17,2010-01-03 13:04:00,"NO",10,213,3,"CAR",23,327,0,-13,13,33
2009,17,2010-01-03 13:05:00,"NYG",7,181,2,"MIN",44,487,0,-37,37,51
2009,17,2010-01-03 16:15:00,"BAL",21,330,0,"LV",13,325,2,8,8,34
2009,17,2010-01-03 16:15:00,"GB",33,345,1,"ARI",7,187,3,26,26,40
2009,17,2010-01-03 16:15:00,"KC",44,524,2,"DEN",24,512,3,20,20,68
2009,17,2010-01-03 16:15:00,"PHI",0,228,1,"DAL",24,474,1,-24,24,24
2009,17,2010-01-03 16:15:00,"WAS",20,341,0,"LAC",23,364,1,-3,3,43
2009,17,2010-01-03 16:16:00,"TEN",17,304,2,"SEA",13,309,1,4,4,30
2009,17,2010-01-03 20:31:00,"CIN",0,72,3,"NYJ",37,320,0,-37,37,37
2009,101,2010-01-09 16:36:00,"NYJ",24,353,0,"CIN",14,281,2,10,10,38
2009,101,2010-01-09 20:05:00,"PHI",14,340,4,"DAL",34,426,1,-20,20,48
2009,101,2010-01-10 13:03:00,"BAL",33,268,2,"NE",14,196,4,19,19,47
2009,101,2010-01-10 16:30:00,"GB",45,493,3,"ARI",51,531,1,-6,6,96
2009,102,2010-01-16 16:34:00,"ARI",14,359,2,"NO",45,418,0,-31,31,59
2009,102,2010-01-16 20:15:00,"BAL",3,270,4,"IND",20,275,1,-17,17,23
2009,102,2010-01-17 13:05:00,"DAL",3,248,3,"MIN",34,323,0,-31,31,37
2009,102,2010-01-17 16:40:00,"NYJ",17,262,1,"LAC",14,344,2,3,3,31
2009,103,2010-01-24 15:05:00,"NYJ",17,388,1,"IND",30,461,1,-13,13,47
2009,103,2010-01-24 18:45:00,"MIN",28,475,5,"NO",31,257,1,-3,3,59
2009,104,2010-02-07 18:31:00,"IND",17,432,1,"NO",31,332,0,-14,14,48
2010,1,2010-09-09 20:41:00,"MIN",9,253,1,"NO",14,308,0,-5,5,23
2010,1,2010-09-12 13:02:00,"ATL",9,295,1,"PIT",15,354,1,-6,6,24
2010,1,2010-09-12 13:02:00,"CIN",24,428,2,"NE",38,376,0,-14,14,62
2010,1,2010-09-12 13:02:00,"CLE",14,340,3,"TB",17,288,2,-3,3,31
2010,1,2010-09-12 13:02:00,"DET",14,168,3,"CHI",19,463,4,-5,5,33
2010,1,2010-09-12 13:02:00,"IND",24,463,1,"HOU",34,355,1,-10,10,58
2010,1,2010-09-12 13:02:00,"MIA",15,296,0,"BUF",10,166,0,5,5,25
2010,1,2010-09-12 13:02:00,"LV",13,286,2,"TEN",38,345,1,-25,25,51
2010,1,2010-09-12 13:03:00,"DEN",17,363,2,"JAC",24,299,0,-7,7,41
2010,1,2010-09-12 13:04:00,"CAR",18,237,5,"NYG",31,376,4,-13,13,49
2010,1,2010-09-12 16:15:00,"ARI",17,378,4,"LAR",13,325,4,4,4,30
2010,1,2010-09-12 16:16:00,"GB",27,299,2,"PHI",20,320,1,7,7,47
2010,1,2010-09-12 16:16:00,"SF",6,263,2,"SEA",31,242,1,-25,25,37
2010,1,2010-09-12 20:31:00,"DAL",7,380,1,"WAS",13,250,0,-6,6,20
2010,1,2010-09-13 19:26:00,"BAL",10,282,3,"NYJ",9,176,1,1,1,19
2010,1,2010-09-13 22:20:00,"LAC",14,389,1,"KC",21,197,0,-7,7,35
2010,2,2010-09-19 13:02:00,"BAL",10,259,4,"CIN",15,253,0,-5,5,25
2010,2,2010-09-19 13:02:00,"BUF",7,186,2,"GB",34,346,0,-27,27,41
2010,2,2010-09-19 13:02:00,"KC",16,312,2,"CLE",14,299,2,2,2,30
2010,2,2010-09-19 13:02:00,"PHI",35,410,0,"DET",32,444,2,3,3,67
2010,2,2010-09-19 13:02:00,"PIT",19,127,1,"TEN",11,238,7,8,8,30
2010,2,2010-09-19 13:03:00,"ARI",7,267,3,"ATL",41,444,1,-34,34,48
2010,2,2010-09-19 13:03:00,"TB",20,273,0,"CAR",7,278,3,13,13,27
2010,2,2010-09-19 13:05:00,"CHI",27,308,0,"DAL",20,410,3,7,7,47
2010,2,2010-09-19 13:05:00,"MIA",14,226,2,"MIN",10,364,4,4,4,24
2010,2,2010-09-19 16:05:00,"LAR",14,210,1,"LV",16,404,2,-2,2,30
2010,2,2010-09-19 16:06:00,"SEA",14,339,4,"DEN",31,369,0,-17,17,45
2010,2,2010-09-19 16:15:00,"HOU",30,526,1,"WAS",27,421,0,3,3,57
2010,2,2010-09-19 16:15:00,"JAC",13,350,6,"LAC",38,477,3,-25,25,51
2010,2,2010-09-19 16:16:00,"NE",14,291,3,"NYJ",28,336,0,-14,14,42
2010,2,2010-09-19 20:31:00,"NYG",14,257,3,"IND",38,410,1,-24,24,52
2010,2,2010-09-20 20:36:00,"NO",25,287,0,"SF",22,417,4,3,3,47
2010,3,2010-09-26 13:02:00,"BUF",30,374,2,"NE",38,445,1,-8,8,68
2010,3,2010-09-26 13:02:00,"CIN",20,305,2,"CAR",7,267,4,13,13,27
2010,3,2010-09-26 13:02:00,"CLE",17,304,0,"BAL",24,365,0,-7,7,41
2010,3,2010-09-26 13:02:00,"DAL",27,385,0,"HOU",13,340,3,14,14,40
2010,3,2010-09-26 13:02:00,"TEN",29,271,0,"NYG",10,471,3,19,19,39
2010,3,2010-09-26 13:03:00,"ATL",27,417,1,"NO",24,398,3,3,3,51
2010,3,2010-09-26 13:03:00,"PIT",38,387,2,"TB",13,303,2,25,25,51
2010,3,2010-09-26 13:04:00,"SF",10,251,1,"KC",31,457,1,-21,21,41
2010,3,2010-09-26 13:05:00,"DET",10,295,3,"MIN",24,368,3,-14,14,34
2010,3,2010-09-26 16:05:00,"PHI",28,373,0,"JAC",3,191,1,25,25,31
2010,3,2010-09-26 16:05:00,"WAS",16,349,2,"LAR",30,365,2,-14,14,46
2010,3,2010-09-26 16:15:00,"LV",23,364,1,"ARI",24,227,3,-1,1,47
2010,3,2010-09-26 16:16:00,"IND",27,365,0,"DEN",13,519,2,14,14,40
2010,3,2010-09-26 16:16:00,"LAC",20,518,5,"SEA",27,271,2,-7,7,47
2010,3,2010-09-26 20:30:00,"NYJ",31,402,0,"MIA",23,436,1,8,8,54
2010,3,2010-09-27 20:40:00,"GB",17,379,2,"CHI",20,276,1,-3,3,37
2010,4,2010-10-03 13:00:00,"SEA",3,257,2,"LAR",20,349,1,-17,17,23
2010,4,2010-10-03 13:02:00,"BAL",17,320,2,"PIT",14,210,1,3,3,31
2010,4,2010-10-03 13:02:00,"CIN",20,413,2,"CLE",23,295,1,-3,3,43
2010,4,2010-10-03 13:02:00,"DEN",26,327,1,"TEN",20,288,2,6,6,46
2010,4,2010-10-03 13:02:00,"DET",26,431,3,"GB",28,261,4,-2,2,54
2010,4,2010-10-03 13:02:00,"NYJ",38,444,0,"BUF",14,223,2,24,24,52
2010,4,2010-10-03 13:03:00,"CAR",14,251,1,"NO",16,383,2,-2,2,30
2010,4,2010-10-03 13:03:00,"SF",14,262,3,"ATL",16,357,2,-2,2,30
2010,4,2010-10-03 16:05:00,"HOU",31,441,0,"LV",24,363,3,7,7,55
2010,4,2010-10-03 16:05:00,"IND",28,406,2,"JAC",31,337,0,-3,3,59
2010,4,2010-10-03 16:15:00,"ARI",10,134,3,"LAC",41,419,1,-31,31,51
2010,4,2010-10-03 16:15:00,"WAS",17,293,1,"PHI",12,353,2,5,5,29
2010,4,2010-10-03 20:31:00,"CHI",3,110,3,"NYG",17,372,3,-14,14,20
2010,4,2010-10-04 20:41:00,"NE",41,265,0,"MIA",14,400,4,27,27,55
2010,5,2010-10-10 12:56:00,"LAR",6,341,3,"DET",44,322,0,-38,38,50
2010,5,2010-10-10 13:02:00,"DEN",17,346,1,"BAL",31,415,0,-14,14,48
2010,5,2010-10-10 13:02:00,"GB",13,427,2,"WAS",16,373,1,-3,3,29
2010,5,2010-10-10 13:02:00,"JAC",36,381,3,"BUF",26,306,0,10,10,62
2010,5,2010-10-10 13:03:00,"ATL",20,338,1,"CLE",10,269,3,10,10,30
2010,5,2010-10-10 13:03:00,"CHI",23,247,4,"CAR",6,147,3,17,17,29
2010,5,2010-10-10 13:03:00,"KC",9,261,1,"IND",19,341,1,-10,10,28
2010,5,2010-10-10 13:03:00,"NYG",34,414,2,"HOU",10,195,2,24,24,44
2010,5,2010-10-10 13:03:00,"TB",24,391,3,"CIN",21,358,4,3,3,45
2010,5,2010-10-10 16:05:00,"NO",20,358,4,"ARI",30,194,1,-10,10,50
2010,5,2010-10-10 16:15:00,"LAC",27,506,3,"LV",35,279,0,-8,8,62
2010,5,2010-10-10 16:16:00,"TEN",34,321,0,"DAL",27,511,3,7,7,61
2010,5,2010-10-10 20:30:00,"PHI",27,352,1,"SF",24,364,5,3,3,51
2010,5,2010-10-11 21:15:00,"MIN",20,336,3,"NYJ",29,328,0,-9,9,49
2010,6,2010-10-17 13:00:00,"LAC",17,287,1,"LAR",20,300,0,-3,3,37
2010,6,2010-10-17 13:02:00,"ATL",17,293,2,"PHI",31,474,1,-14,14,48
2010,6,2010-10-17 13:02:00,"BAL",20,377,0,"NE",23,394,2,-3,3,43
2010,6,2010-10-17 13:02:00,"CLE",10,327,3,"PIT",28,378,1,-18,18,38
2010,6,2010-10-17 13:02:00,"MIA",23,381,1,"GB",20,359,1,3,3,43
2010,6,2010-10-17 13:02:00,"NO",31,475,1,"TB",6,277,1,25,25,37
2010,6,2010-10-17 13:02:00,"SEA",23,353,0,"CHI",20,307,0,3,3,43
2010,6,2010-10-17 13:03:00,"DET",20,366,3,"NYG",28,334,1,-8,8,48
2010,6,2010-10-17 13:03:00,"KC",31,417,0,"HOU",35,421,0,-4,4,66
2010,6,2010-10-17 16:05:00,"NYJ",24,319,3,"DEN",20,346,2,4,4,44
2010,6,2010-10-17 16:05:00,"LV",9,179,2,"SF",17,349,0,-8,8,26
2010,6,2010-10-17 16:15:00,"DAL",21,314,2,"MIN",24,188,1,-3,3,45
2010,6,2010-10-17 20:31:00,"IND",27,469,3,"WAS",24,335,2,3,3,51
2010,6,2010-10-18 20:40:00,"TEN",30,324,0,"JAC",3,249,4,27,27,33
2010,7,2010-10-24 13:02:00,"BUF",34,514,4,"BAL",37,364,2,-3,3,71
2010,7,2010-10-24 13:02:00,"CLE",30,210,0,"NO",17,394,4,13,13,47
2010,7,2010-10-24 13:02:00,"PHI",19,326,4,"TEN",37,328,3,-18,18,56
2010,7,2010-10-24 13:02:00,"PIT",23,348,2,"MIA",22,313,2,1,1,45
2010,7,2010-10-24 13:02:00,"LAR",17,285,1,"TB",18,313,0,-1,1,35
2010,7,2010-10-24 13:03:00,"JAC",20,300,3,"KC",42,426,0,-22,22,62
2010,7,2010-10-24 13:03:00,"SF",20,282,1,"CAR",23,379,3,-3,3,43
2010,7,2010-10-24 13:04:00,"WAS",17,308,3,"CHI",14,322,6,3,3,31
2010,7,2010-10-24 13:05:00,"CIN",32,469,1,"ATL",39,452,2,-7,7,71
2010,7,2010-10-24 16:06:00,"ARI",10,227,5,"SEA",22,302,1,-12,12,32
2010,7,2010-10-24 16:15:00,"NE",23,179,0,"LAC",20,363,4,3,3,43
2010,7,2010-10-24 16:15:00,"LV",59,508,0,"DEN",14,240,3,45,45,73
2010,7,2010-10-24 20:30:00,"MIN",24,402,3,"GB",28,379,2,-4,4,52
2010,7,2010-10-25 20:41:00,"NYG",41,497,5,"DAL",35,254,2,6,6,76
2010,8,2010-10-31 13:00:00,"CAR",10,201,4,"LAR",20,246,0,-10,10,30
2010,8,2010-10-31 13:02:00,"WAS",25,275,2,"DET",37,304,2,-12,12,62
2010,8,2010-10-31 13:03:00,"GB",9,237,0,"NYJ",0,360,3,9,9,9
2010,8,2010-10-31 13:05:00,"JAC",35,387,1,"DAL",17,415,4,18,18,52
2010,8,2010-10-31 13:06:00,"MIA",22,354,2,"CIN",14,262,1,8,8,36
2010,8,2010-10-31 13:07:00,"DEN",16,398,2,"SF",24,339,0,-8,8,40
2010,8,2010-10-31 13:08:00,"BUF",10,328,1,"KC",13,414,0,-3,3,23
2010,8,2010-10-31 16:05:00,"TEN",25,370,0,"LAC",33,456,1,-8,8,58
2010,8,2010-10-31 16:15:00,"MIN",18,410,1,"NE",28,362,0,-10,10,46
2010,8,2010-10-31 16:15:00,"SEA",3,164,1,"LV",33,545,0,-30,30,36
2010,8,2010-10-31 16:15:00,"TB",38,407,2,"ARI",35,396,4,3,3,73
2010,8,2010-10-31 20:30:00,"PIT",10,279,2,"NO",20,318,2,-10,10,30
2010,8,2010-11-01 20:41:00,"HOU",17,291,2,"IND",30,366,0,-13,13,47
2010,9,2010-11-07 13:02:00,"CHI",22,283,1,"BUF",19,340,3,3,3,41
2010,9,2010-11-07 13:02:00,"MIA",10,289,3,"BAL",26,402,0,-16,16,36
2010,9,2010-11-07 13:02:00,"NE",14,283,3,"CLE",34,404,1,-20,20,48
2010,9,2010-11-07 13:02:00,"LAC",29,367,2,"HOU",23,392,1,6,6,52
2010,9,2010-11-07 13:02:00,"TB",21,278,2,"ATL",27,365,0,-6,6,48
2010,9,2010-11-07 13:03:00,"NYJ",23,437,2,"DET",20,306,0,3,3,43
2010,9,2010-11-07 13:04:00,"NO",34,408,1,"CAR",3,195,2,31,31,37
2010,9,2010-11-07 13:05:00,"ARI",24,225,1,"MIN",27,507,3,-3,3,51
2010,9,2010-11-07 16:05:00,"NYG",41,487,1,"SEA",7,162,3,34,34,48
2010,9,2010-11-07 16:15:00,"KC",20,304,2,"LV",23,321,3,-3,3,43
2010,9,2010-11-07 16:16:00,"IND",24,338,2,"PHI",26,402,0,-2,2,50
2010,9,2010-11-07 20:30:00,"DAL",7,205,4,"GB",45,415,0,-38,38,52
2010,9,2010-11-08 20:40:00,"PIT",27,314,2,"CIN",21,272,2,6,6,48
2010,10,2010-11-11 20:31:00,"BAL",21,320,2,"ATL",26,362,0,-5,5,47
2010,10,2010-11-14 13:02:00,"CAR",16,300,1,"TB",31,421,2,-15,15,47
2010,10,2010-11-14 13:02:00,"CIN",17,341,5,"IND",23,256,0,-6,6,40
2010,10,2010-11-14 13:02:00,"DET",12,390,1,"BUF",14,288,1,-2,2,26
2010,10,2010-11-14 13:02:00,"MIN",13,240,4,"CHI",27,360,2,-14,14,40
2010,10,2010-11-14 13:02:00,"NYJ",26,456,1,"CLE",20,303,2,6,6,46
2010,10,2010-11-14 13:02:00,"TEN",17,259,3,"MIA",29,404,1,-12,12,46
2010,10,2010-11-14 13:04:00,"HOU",24,395,1,"JAC",31,491,0,-7,7,55
2010,10,2010-11-14 16:05:00,"KC",29,484,1,"DEN",49,452,0,-20,20,78
2010,10,2010-11-14 16:15:00,"DAL",33,427,1,"NYG",20,480,3,13,13,53
2010,10,2010-11-14 16:15:00,"SEA",36,490,1,"ARI",18,327,2,18,18,54
2010,10,2010-11-14 16:15:00,"LAR",20,332,0,"SF",23,421,0,-3,3,43
2010,10,2010-11-14 20:30:00,"NE",39,453,0,"PIT",26,425,1,13,13,65
2010,10,2010-11-15 20:40:00,"PHI",59,592,0,"WAS",28,375,3,31,31,87
2010,11,2010-11-18 20:29:00,"CHI",16,268,1,"MIA",0,187,1,16,16,16
2010,11,2010-11-21 13:02:00,"BUF",49,449,2,"CIN",31,361,3,18,18,80
2010,11,2010-11-21 13:02:00,"DET",19,338,2,"DAL",35,265,1,-16,16,54
2010,11,2010-11-21 13:02:00,"LV",3,182,3,"PIT",35,431,1,-32,32,38
2010,11,2010-11-21 13:03:00,"ARI",13,382,0,"KC",31,352,0,-18,18,44
2010,11,2010-11-21 13:03:00,"CLE",20,283,1,"JAC",24,371,6,-4,4,44
2010,11,2010-11-21 13:03:00,"HOU",27,343,1,"NYJ",30,401,2,-3,3,57
2010,11,2010-11-21 13:03:00,"WAS",19,465,1,"TEN",16,373,2,3,3,35
2010,11,2010-11-21 13:04:00,"BAL",37,378,2,"CAR",13,270,2,24,24,50
2010,11,2010-11-21 13:05:00,"GB",31,374,0,"MIN",3,300,2,28,28,34
2010,11,2010-11-21 16:05:00,"ATL",34,391,0,"LAR",17,304,1,17,17,51
2010,11,2010-11-21 16:05:00,"SEA",19,424,2,"NO",34,494,2,-15,15,53
2010,11,2010-11-21 16:05:00,"TB",21,299,0,"SF",0,189,2,21,21,21
2010,11,2010-11-21 16:15:00,"IND",28,467,3,"NE",31,346,0,-3,3,59
2010,11,2010-11-21 20:30:00,"NYG",17,208,5,"PHI",27,392,2,-10,10,44
2010,11,2010-11-22 20:40:00,"DEN",14,235,1,"LAC",35,400,1,-21,21,49
2010,12,2010-11-25 12:38:00,"NE",45,447,0,"DET",24,406,2,21,21,69
2010,12,2010-11-25 16:36:00,"NO",30,414,2,"DAL",27,457,3,3,3,57
2010,12,2010-11-25 20:30:00,"CIN",10,163,3,"NYJ",26,319,1,-16,16,36
2010,12,2010-11-28 13:02:00,"GB",17,418,1,"ATL",20,294,0,-3,3,37
2010,12,2010-11-28 13:02:00,"JAC",20,328,2,"NYG",24,361,0,-4,4,44
2010,12,2010-11-28 13:02:00,"MIN",17,299,0,"WAS",13,216,1,4,4,30
2010,12,2010-11-28 13:02:00,"PIT",19,426,1,"BUF",16,329,2,3,3,35
2010,12,2010-11-28 13:02:00,"TEN",0,162,3,"HOU",20,346,0,-20,20,20
2010,12,2010-11-28 13:03:00,"CAR",23,326,1,"CLE",24,379,3,-1,1,47
2010,12,2010-11-28 16:05:00,"MIA",33,471,1,"LV",17,263,3,16,16,50
2010,12,2010-11-28 16:06:00,"KC",42,503,1,"SEA",24,288,3,18,18,66
2010,12,2010-11-28 16:15:00,"PHI",26,398,1,"CHI",31,349,0,-5,5,57
2010,12,2010-11-28 16:15:00,"TB",10,263,0,"BAL",17,349,1,-7,7,27
2010,12,2010-11-28 16:16:00,"LAR",36,431,0,"DEN",33,449,2,3,3,69
2010,12,2010-11-28 20:30:00,"LAC",36,301,0,"IND",14,303,5,22,22,50
2010,12,2010-11-29 20:40:00,"SF",27,386,1,"ARI",6,203,2,21,21,33
2010,13,2010-12-02 20:30:00,"HOU",24,431,2,"PHI",34,416,1,-10,10,58
2010,13,2010-12-05 13:02:00,"CLE",13,252,0,"MIA",10,281,3,3,3,23
2010,13,2010-12-05 13:02:00,"SF",16,269,1,"GB",34,410,0,-18,18,50
2010,13,2010-12-05 13:02:00,"WAS",7,338,6,"NYG",31,358,1,-24,24,38
2010,13,2010-12-05 13:03:00,"CHI",24,311,1,"DET",20,302,0,4,4,44
2010,13,2010-12-05 13:03:00,"DEN",6,247,1,"KC",10,359,1,-4,4,16
2010,13,2010-12-05 13:03:00,"JAC",17,377,0,"TEN",6,220,2,11,11,23
2010,13,2010-12-05 13:03:00,"NO",34,436,1,"CIN",30,311,0,4,4,64
2010,13,2010-12-05 13:05:00,"BUF",14,239,5,"MIN",38,387,4,-24,24,52
2010,13,2010-12-05 16:05:00,"LV",28,368,1,"LAC",13,286,2,15,15,41
2010,13,2010-12-05 16:15:00,"DAL",38,368,0,"IND",35,405,4,3,3,73
2010,13,2010-12-05 16:15:00,"LAR",19,288,1,"ARI",6,224,2,13,13,25
2010,13,2010-12-05 16:16:00,"ATL",28,290,2,"TB",24,325,1,4,4,52
2010,13,2010-12-05 16:16:00,"CAR",14,283,1,"SEA",31,371,2,-17,17,45
2010,13,2010-12-05 20:30:00,"PIT",13,288,1,"BAL",10,269,1,3,3,23
2010,13,2010-12-06 20:40:00,"NYJ",3,301,3,"NE",45,405,0,-42,42,48
2010,14,2010-12-09 20:29:00,"IND",30,399,0,"TEN",28,365,2,2,2,58
2010,14,2010-12-12 13:02:00,"CIN",7,190,3,"PIT",23,354,0,-16,16,30
2010,14,2010-12-12 13:02:00,"CLE",6,187,3,"BUF",13,323,1,-7,7,19
2010,14,2010-12-12 13:02:00,"LV",31,476,2,"JAC",38,385,1,-7,7,69
2010,14,2010-12-12 13:03:00,"ATL",31,327,1,"CAR",10,288,2,21,21,41
2010,14,2010-12-12 13:03:00,"GB",3,258,3,"DET",7,286,2,-4,4,10
2010,14,2010-12-12 13:03:00,"TB",17,365,2,"WAS",16,399,1,1,1,33
2010,14,2010-12-12 16:05:00,"SEA",21,361,5,"SF",40,336,0,-19,19,61
2010,14,2010-12-12 16:05:00,"LAR",13,327,3,"NO",31,345,3,-18,18,44
2010,14,2010-12-12 16:15:00,"DEN",13,288,6,"ARI",43,357,1,-30,30,56
2010,14,2010-12-12 16:15:00,"KC",0,67,0,"LAC",31,426,2,-31,31,31
2010,14,2010-12-12 16:15:00,"MIA",10,131,3,"NYJ",6,280,2,4,4,16
2010,14,2010-12-12 16:16:00,"NE",36,475,0,"CHI",7,185,4,29,29,43
2010,14,2010-12-12 20:30:00,"PHI",30,429,2,"DAL",27,349,2,3,3,57
2010,14,2010-12-13 19:20:00,"NYG",21,395,2,"MIN",3,164,1,18,18,24
2010,14,2010-12-13 20:40:00,"BAL",34,253,0,"HOU",28,489,2,6,6,62
2010,15,2010-12-16 20:20:00,"SF",7,192,1,"LAC",34,374,0,-27,27,41
2010,15,2010-12-19 13:00:00,"KC",27,383,1,"LAR",13,224,2,14,14,40
2010,15,2010-12-19 13:02:00,"BUF",17,282,1,"MIA",14,326,2,3,3,31
2010,15,2010-12-19 13:02:00,"CLE",17,278,0,"CIN",19,397,0,-2,2,36
2010,15,2010-12-19 13:02:00,"HOU",17,323,1,"TEN",31,359,1,-14,14,48
2010,15,2010-12-19 13:02:00,"JAC",24,356,2,"IND",34,376,0,-10,10,58
2010,15,2010-12-19 13:03:00,"DET",23,433,0,"TB",20,403,0,3,3,43
2010,15,2010-12-19 13:03:00,"NO",24,269,1,"BAL",30,356,0,-6,6,54
2010,15,2010-12-19 13:03:00,"PHI",38,418,3,"NYG",31,364,2,7,7,69
2010,15,2010-12-19 13:03:00,"WAS",30,341,3,"DAL",33,434,0,-3,3,63
2010,15,2010-12-19 13:04:00,"ARI",12,218,2,"CAR",19,303,1,-7,7,31
2010,15,2010-12-19 16:06:00,"ATL",34,266,1,"SEA",18,234,3,16,16,52
2010,15,2010-12-19 16:15:00,"DEN",23,235,1,"LV",39,502,3,-16,16,62
2010,15,2010-12-19 16:15:00,"NYJ",22,276,0,"PIT",17,378,0,5,5,39
2010,15,2010-12-19 20:30:00,"GB",27,369,2,"NE",31,249,0,-4,4,58
2010,15,2010-12-20 20:40:00,"CHI",40,293,1,"MIN",14,273,5,26,26,54
2010,16,2010-12-23 20:29:00,"CAR",3,119,2,"PIT",27,408,2,-24,24,30
2010,16,2010-12-25 19:30:00,"DAL",26,382,3,"ARI",27,271,0,-1,1,53
2010,16,2010-12-26 13:00:00,"SF",17,331,2,"LAR",25,335,1,-8,8,42
2010,16,2010-12-26 13:02:00,"BAL",20,258,1,"CLE",10,280,4,10,10,30
2010,16,2010-12-26 13:02:00,"NE",34,348,0,"BUF",3,369,7,31,31,37
2010,16,2010-12-26 13:02:00,"NYJ",34,393,2,"CHI",38,322,1,-4,4,72
2010,16,2010-12-26 13:03:00,"DET",34,275,0,"MIA",27,425,3,7,7,61
2010,16,2010-12-26 13:03:00,"TEN",14,270,2,"KC",34,458,2,-20,20,48
2010,16,2010-12-26 13:03:00,"WAS",20,251,1,"JAC",17,336,2,3,3,37
2010,16,2010-12-26 16:05:00,"IND",31,370,2,"LV",26,290,0,5,5,57
2010,16,2010-12-26 16:05:00,"LAC",20,313,2,"CIN",34,371,1,-14,14,54
2010,16,2010-12-26 16:06:00,"HOU",23,401,1,"DEN",24,431,1,-1,1,47
2010,16,2010-12-26 16:15:00,"NYG",17,386,6,"GB",45,515,1,-28,28,62
2010,16,2010-12-26 16:16:00,"SEA",15,174,0,"TB",38,439,0,-23,23,53
2010,16,2010-12-27 20:40:00,"NO",17,368,2,"ATL",14,215,2,3,3,31
2010,16,2010-12-28 20:06:00,"MIN",24,337,1,"PHI",14,331,3,10,10,38
2010,17,2011-01-02 13:00:00,"TB",23,317,2,"NO",13,305,3,10,10,36
2010,17,2011-01-02 13:02:00,"CIN",7,395,5,"BAL",13,199,2,-6,6,20
2010,17,2011-01-02 13:02:00,"MIA",7,250,2,"NE",38,502,1,-31,31,45
2010,17,2011-01-02 13:02:00,"LV",31,344,1,"KC",10,201,2,21,21,41
2010,17,2011-01-02 13:02:00,"PIT",41,418,0,"CLE",9,225,3,32,32,50
2010,17,2011-01-02 13:03:00,"BUF",7,162,6,"NYJ",38,388,1,-31,31,45
2010,17,2011-01-02 13:03:00,"CAR",10,291,2,"ATL",31,352,1,-21,21,41
2010,17,2011-01-02 13:03:00,"MIN",13,211,1,"DET",20,357,2,-7,7,33
2010,17,2011-01-02 16:15:00,"ARI",7,279,2,"SF",38,362,0,-31,31,45
2010,17,2011-01-02 16:15:00,"CHI",3,227,2,"GB",10,284,2,-7,7,13
2010,17,2011-01-02 16:15:00,"DAL",14,272,1,"PHI",13,244,4,1,1,27
2010,17,2011-01-02 16:15:00,"JAC",17,322,2,"HOU",34,497,0,-17,17,51
2010,17,2011-01-02 16:15:00,"LAC",33,447,1,"DEN",28,337,2,5,5,61
2010,17,2011-01-02 16:16:00,"NYG",17,325,1,"WAS",14,385,4,3,3,31
2010,17,2011-01-02 16:16:00,"TEN",20,341,1,"IND",23,358,1,-3,3,43
2010,17,2011-01-02 20:31:00,"LAR",6,184,1,"SEA",16,333,1,-10,10,22
2010,101,2011-01-08 16:35:00,"NO",36,474,1,"SEA",41,415,1,-5,5,77
2010,101,2011-01-08 20:15:00,"NYJ",17,353,1,"IND",16,312,0,1,1,33
2010,101,2011-01-09 13:06:00,"BAL",30,390,2,"KC",7,161,5,23,23,37
2010,101,2011-01-09 16:40:00,"GB",21,309,2,"PHI",16,352,1,5,5,37
2010,102,2011-01-15 16:35:00,"BAL",24,126,3,"PIT",31,263,2,-7,7,55
2010,102,2011-01-15 20:15:00,"GB",48,442,1,"ATL",21,194,4,27,27,69
2010,102,2011-01-16 13:05:00,"SEA",24,276,0,"CHI",35,437,1,-11,11,59
2010,102,2011-01-16 16:40:00,"NYJ",28,314,0,"NE",21,372,1,7,7,49
2010,103,2011-01-23 15:05:00,"GB",21,356,2,"CHI",14,301,3,7,7,35
2010,103,2011-01-23 18:41:00,"NYJ",19,289,1,"PIT",24,287,2,-5,5,43
2010,104,2011-02-06 18:34:00,"PIT",25,387,3,"GB",31,338,0,-6,6,56
2011,1,2011-09-08 20:40:00,"NO",34,477,1,"GB",42,399,0,-8,8,76
2011,1,2011-09-11 13:00:00,"PHI",31,403,1,"LAR",13,335,1,18,18,44
2011,1,2011-09-11 13:05:00,"IND",7,236,2,"HOU",34,384,3,-27,27,41
2011,1,2011-09-11 13:05:00,"PIT",7,312,7,"BAL",35,385,0,-28,28,42
2011,1,2011-09-11 13:05:00,"TEN",14,292,1,"JAC",16,323,1,-2,2,30
2011,1,2011-09-11 13:06:00,"ATL",12,386,3,"CHI",30,377,1,-18,18,42
2011,1,2011-09-11 13:06:00,"BUF",41,364,1,"KC",7,213,3,34,34,48
2011,1,2011-09-11 13:06:00,"CIN",27,294,0,"CLE",17,285,1,10,10,44
2011,1,2011-09-11 13:06:00,"DET",27,431,1,"TB",20,315,2,7,7,47
2011,1,2011-09-11 16:15:00,"CAR",21,477,1,"ARI",28,394,1,-7,7,49
2011,1,2011-09-11 16:20:00,"MIN",17,187,1,"LAC",24,407,2,-7,7,41
2011,1,2011-09-11 16:22:00,"SEA",17,219,3,"SF",33,209,0,-16,16,50
2011,1,2011-09-11 16:23:00,"NYG",14,315,1,"WAS",28,332,1,-14,14,42
2011,1,2011-09-11 20:33:00,"DAL",24,390,3,"NYJ",27,360,2,-3,3,51
2011,1,2011-09-12 19:13:00,"NE",38,622,1,"MIA",24,488,1,14,14,62
2011,1,2011-09-12 22:26:00,"LV",23,289,1,"DEN",20,310,3,3,3,43
2011,2,2011-09-18 13:02:00,"BAL",13,229,3,"TEN",26,432,1,-13,13,39
2011,2,2011-09-18 13:02:00,"CHI",13,246,1,"NO",30,382,1,-17,17,43
2011,2,2011-09-18 13:02:00,"CLE",27,303,1,"IND",19,285,2,8,8,46
2011,2,2011-09-18 13:02:00,"GB",30,419,1,"CAR",23,475,4,7,7,53
2011,2,2011-09-18 13:02:00,"JAC",3,203,4,"NYJ",32,283,2,-29,29,35
2011,2,2011-09-18 13:02:00,"KC",3,267,6,"DET",48,411,1,-45,45,51
2011,2,2011-09-18 13:02:00,"SEA",0,164,0,"PIT",24,421,0,-24,24,24
2011,2,2011-09-18 13:03:00,"ARI",21,324,2,"WAS",22,455,2,-1,1,43
2011,2,2011-09-18 13:03:00,"LV",35,454,2,"BUF",38,481,1,-3,3,73
2011,2,2011-09-18 13:05:00,"TB",24,335,1,"MIN",20,398,1,4,4,44
2011,2,2011-09-18 16:05:00,"DAL",27,472,2,"SF",24,206,1,3,3,51
2011,2,2011-09-18 16:15:00,"CIN",22,382,0,"DEN",24,318,2,-2,2,46
2011,2,2011-09-18 16:15:00,"HOU",23,345,0,"MIA",13,306,2,10,10,36
2011,2,2011-09-18 16:15:00,"LAC",21,470,4,"NE",35,504,0,-14,14,56
2011,2,2011-09-18 20:30:00,"PHI",31,447,3,"ATL",35,318,2,-4,4,66
2011,2,2011-09-19 20:40:00,"LAR",16,367,2,"NYG",28,323,1,-12,12,44
2011,3,2011-09-25 13:02:00,"DEN",14,231,2,"TEN",17,333,2,-3,3,31
2011,3,2011-09-25 13:02:00,"HOU",33,473,1,"NO",40,454,2,-7,7,73
2011,3,2011-09-25 13:02:00,"JAC",10,257,1,"CAR",16,265,0,-6,6,26
2011,3,2011-09-25 13:02:00,"MIA",16,369,2,"CLE",17,280,1,-1,1,33
2011,3,2011-09-25 13:02:00,"SF",13,226,1,"CIN",8,228,3,5,5,21
2011,3,2011-09-25 13:03:00,"NE",31,495,4,"BUF",34,448,2,-3,3,65
2011,3,2011-09-25 13:03:00,"NYG",29,334,0,"PHI",16,376,3,13,13,45
2011,3,2011-09-25 13:05:00,"DET",26,358,0,"MIN",23,321,0,3,3,49
2011,3,2011-09-25 16:04:00,"NYJ",24,439,2,"LV",34,383,0,-10,10,58
2011,3,2011-09-25 16:05:00,"BAL",37,553,1,"LAR",7,244,2,30,30,44
2011,3,2011-09-25 16:05:00,"KC",17,252,1,"LAC",20,375,2,-3,3,37
2011,3,2011-09-25 16:15:00,"ARI",10,324,2,"SEA",13,261,1,-3,3,23
2011,3,2011-09-25 16:15:00,"GB",27,392,2,"CHI",17,291,2,10,10,44
2011,3,2011-09-25 16:16:00,"ATL",13,325,3,"TB",16,295,2,-3,3,29
2011,3,2011-09-25 20:30:00,"PIT",23,408,3,"IND",20,241,1,3,3,43
2011,3,2011-09-26 20:41:00,"WAS",16,298,2,"DAL",18,375,2,-2,2,34
2011,4,2011-10-02 13:00:00,"WAS",17,339,2,"LAR",10,172,1,7,7,27
2011,4,2011-10-02 13:02:00,"DET",34,303,1,"DAL",30,434,3,4,4,64
2011,4,2011-10-02 13:02:00,"MIN",17,341,1,"KC",22,350,0,-5,5,39
2011,4,2011-10-02 13:03:00,"BUF",20,273,0,"CIN",23,458,2,-3,3,43
2011,4,2011-10-02 13:03:00,"NO",23,503,2,"JAC",10,274,1,13,13,33
2011,4,2011-10-02 13:03:00,"PIT",10,296,1,"HOU",17,318,0,-7,7,27
2011,4,2011-10-02 13:03:00,"SF",24,442,1,"PHI",23,513,3,1,1,47
2011,4,2011-10-02 13:03:00,"TEN",31,332,1,"CLE",13,416,1,18,18,44
2011,4,2011-10-02 13:04:00,"CAR",29,543,1,"CHI",34,317,1,-5,5,63
2011,4,2011-10-02 16:05:00,"ATL",30,412,0,"SEA",28,372,2,2,2,58
2011,4,2011-10-02 16:05:00,"NYG",31,360,2,"ARI",27,368,2,4,4,58
2011,4,2011-10-02 16:15:00,"DEN",23,384,4,"GB",49,507,2,-26,26,72
2011,4,2011-10-02 16:15:00,"MIA",16,248,2,"LAC",26,411,0,-10,10,42
2011,4,2011-10-02 16:15:00,"NE",31,409,0,"LV",19,504,2,12,12,50
2011,4,2011-10-02 20:30:00,"NYJ",17,150,4,"BAL",34,267,3,-17,17,51
2011,4,2011-10-03 20:40:00,"IND",17,318,1,"TB",24,466,0,-7,7,41
2011,5,2011-10-09 13:02:00,"CIN",30,239,1,"JAC",20,296,2,10,10,50
2011,5,2011-10-09 13:02:00,"KC",28,436,0,"IND",24,355,0,4,4,52
2011,5,2011-10-09 13:02:00,"LV",25,278,1,"HOU",20,473,2,5,5,45
2011,5,2011-10-09 13:02:00,"TEN",17,306,1,"PIT",38,431,1,-21,21,55
2011,5,2011-10-09 13:04:00,"NO",30,444,1,"CAR",27,381,1,3,3,57
2011,5,2011-10-09 13:04:00,"PHI",24,489,5,"BUF",31,331,1,-7,7,55
2011,5,2011-10-09 13:04:00,"SEA",36,424,3,"NYG",25,464,5,11,11,61
2011,5,2011-10-09 13:05:00,"ARI",10,291,4,"MIN",34,332,1,-24,24,44
2011,5,2011-10-09 16:05:00,"TB",3,272,3,"SF",48,418,1,-45,45,51
2011,5,2011-10-09 16:15:00,"NYJ",21,255,0,"NE",30,446,1,-9,9,51
2011,5,2011-10-09 16:16:00,"LAC",29,418,2,"DEN",24,275,1,5,5,53
2011,5,2011-10-09 20:30:00,"GB",25,426,1,"ATL",14,251,2,11,11,39
2011,5,2011-10-10 20:40:00,"CHI",13,359,0,"DET",24,395,1,-11,11,37
2011,6,2011-10-16 13:02:00,"BUF",24,374,2,"NYG",27,414,0,-3,3,51
2011,6,2011-10-16 13:02:00,"CAR",17,368,3,"ATL",31,325,0,-14,14,48
2011,6,2011-10-16 13:02:00,"IND",17,273,3,"CIN",27,358,0,-10,10,44
2011,6,2011-10-16 13:02:00,"JAC",13,209,0,"PIT",17,370,0,-4,4,30
2011,6,2011-10-16 13:02:00,"LAR",3,424,1,"GB",24,399,1,-21,21,27
2011,6,2011-10-16 13:03:00,"SF",25,314,2,"DET",19,310,0,6,6,44
2011,6,2011-10-16 13:05:00,"PHI",20,422,2,"WAS",13,287,4,7,7,33
2011,6,2011-10-16 16:05:00,"CLE",17,268,1,"LV",24,329,1,-7,7,41
2011,6,2011-10-16 16:06:00,"HOU",14,293,0,"BAL",29,402,2,-15,15,43
2011,6,2011-10-16 16:15:00,"DAL",16,377,2,"NE",20,371,4,-4,4,36
2011,6,2011-10-16 16:15:00,"NO",20,453,4,"TB",26,420,0,-6,6,46
2011,6,2011-10-16 20:30:00,"MIN",10,286,0,"CHI",39,377,1,-29,29,49
2011,6,2011-10-17 20:40:00,"MIA",6,308,3,"NYJ",24,296,1,-18,18,30
2011,7,2011-10-23 13:02:00,"DEN",18,308,1,"MIA",15,267,1,3,3,33
2011,7,2011-10-23 13:02:00,"HOU",41,518,0,"TEN",7,148,2,34,34,48
2011,7,2011-10-23 13:03:00,"LAC",21,268,2,"NYJ",27,318,2,-6,6,48
2011,7,2011-10-23 13:05:00,"ATL",23,328,2,"DET",16,263,1,7,7,39
2011,7,2011-10-23 13:05:00,"CHI",24,395,2,"TB",18,280,4,6,6,42
2011,7,2011-10-23 13:05:00,"SEA",3,137,2,"CLE",6,298,1,-3,3,9
2011,7,2011-10-23 13:05:00,"WAS",20,353,3,"CAR",33,407,0,-13,13,53
2011,7,2011-10-23 16:05:00,"PIT",32,445,0,"ARI",20,330,1,12,12,52
2011,7,2011-10-23 16:15:00,"GB",33,421,1,"MIN",27,435,2,6,6,60
2011,7,2011-10-23 16:15:00,"LAR",7,265,2,"DAL",34,445,1,-27,27,41
2011,7,2011-10-23 19:05:00,"KC",28,300,2,"LV",0,322,6,28,28,28
2011,7,2011-10-23 20:30:00,"IND",7,252,3,"NO",62,557,0,-55,55,69
2011,7,2011-10-24 20:40:00,"BAL",7,146,2,"JAC",12,205,1,-5,5,19
2011,8,2011-10-30 13:00:00,"NO",21,283,2,"LAR",31,323,1,-10,10,52
2011,8,2011-10-30 13:02:00,"ARI",27,207,1,"BAL",30,405,2,-3,3,57
2011,8,2011-10-30 13:02:00,"IND",10,399,2,"TEN",27,311,0,-17,17,37
2011,8,2011-10-30 13:02:00,"JAC",14,174,2,"HOU",24,358,2,-10,10,38
2011,8,2011-10-30 13:02:00,"MIA",17,246,1,"NYG",20,402,0,-3,3,37
2011,8,2011-10-30 13:03:00,"MIN",24,361,1,"CAR",21,405,2,3,3,45
2011,8,2011-10-30 16:05:00,"WAS",0,178,2,"BUF",23,390,2,-23,23,23
2011,8,2011-10-30 16:10:00,"DET",45,376,0,"DEN",10,312,3,35,35,55
2011,8,2011-10-30 16:15:00,"CLE",10,290,2,"SF",20,348,0,-10,10,30
2011,8,2011-10-30 16:15:00,"NE",17,213,0,"PIT",25,427,1,-8,8,42
2011,8,2011-10-30 16:16:00,"CIN",34,252,2,"SEA",12,411,2,22,22,46
2011,8,2011-10-30 20:28:00,"DAL",7,267,1,"PHI",34,495,0,-27,27,41
2011,8,2011-10-31 20:40:00,"LAC",20,447,4,"KC",23,341,4,-3,3,43
2011,9,2011-11-06 13:02:00,"ATL",31,432,1,"IND",7,186,2,24,24,38
2011,9,2011-11-06 13:02:00,"SEA",13,381,3,"DAL",23,442,1,-10,10,36
2011,9,2011-11-06 13:03:00,"CLE",12,172,2,"HOU",30,380,1,-18,18,42
2011,9,2011-11-06 13:03:00,"MIA",31,351,0,"KC",3,343,0,28,28,34
2011,9,2011-11-06 13:03:00,"NYJ",27,348,2,"BUF",11,287,3,16,16,38
2011,9,2011-11-06 13:03:00,"SF",19,326,1,"WAS",11,303,3,8,8,30
2011,9,2011-11-06 13:03:00,"TB",16,365,0,"NO",27,453,1,-11,11,43
2011,9,2011-11-06 16:05:00,"CIN",24,319,0,"TEN",17,328,1,7,7,41
2011,9,2011-11-06 16:05:00,"DEN",38,412,0,"LV",24,416,3,14,14,62
2011,9,2011-11-06 16:15:00,"GB",45,368,0,"LAC",38,460,3,7,7,83
2011,9,2011-11-06 16:15:00,"NYG",24,361,2,"NE",20,438,4,4,4,44
2011,9,2011-11-06 16:15:00,"LAR",13,383,1,"ARI",19,262,0,-6,6,32
2011,9,2011-11-06 20:30:00,"BAL",23,356,1,"PIT",20,392,2,3,3,43
2011,9,2011-11-07 20:41:00,"CHI",30,372,2,"PHI",24,330,2,6,6,54
2011,10,2011-11-10 20:29:00,"LV",24,489,2,"LAC",17,314,2,7,7,41
2011,10,2011-11-13 13:02:00,"ARI",21,370,2,"PHI",17,289,2,4,4,38
2011,10,2011-11-13 13:02:00,"BUF",7,271,4,"DAL",44,433,0,-37,37,51
2011,10,2011-11-13 13:02:00,"HOU",37,420,0,"TB",9,231,4,28,28,46
2011,10,2011-11-13 13:02:00,"JAC",17,251,1,"IND",3,212,3,14,14,20
2011,10,2011-11-13 13:02:00,"PIT",24,328,1,"CIN",17,279,2,7,7,41
2011,10,2011-11-13 13:03:00,"DEN",17,313,0,"KC",10,258,0,7,7,27
2011,10,2011-11-13 13:03:00,"NO",26,363,0,"ATL",23,481,1,3,3,49
2011,10,2011-11-13 13:03:00,"LAR",13,281,2,"CLE",12,335,1,1,1,25
2011,10,2011-11-13 13:03:00,"WAS",9,246,2,"MIA",20,303,2,-11,11,29
2011,10,2011-11-13 13:04:00,"TEN",30,383,1,"CAR",3,279,2,27,27,33
2011,10,2011-11-13 16:06:00,"BAL",17,323,3,"SEA",22,327,0,-5,5,39
2011,10,2011-11-13 16:15:00,"NYG",20,395,2,"SF",27,305,1,-7,7,47
2011,10,2011-11-13 16:16:00,"DET",13,393,6,"CHI",37,216,1,-24,24,50
2011,10,2011-11-13 20:31:00,"NE",37,389,0,"NYJ",16,378,3,21,21,53
2011,10,2011-11-14 20:40:00,"MIN",7,266,1,"GB",45,356,1,-38,38,52
2011,11,2011-11-17 20:30:00,"NYJ",13,318,2,"DEN",17,229,1,-4,4,30
2011,11,2011-11-20 13:02:00,"BUF",8,245,2,"MIA",35,242,0,-27,27,43
2011,11,2011-11-20 13:02:00,"CAR",35,409,4,"DET",49,495,3,-14,14,84
2011,11,2011-11-20 13:02:00,"CIN",24,483,3,"BAL",31,373,1,-7,7,55
2011,11,2011-11-20 13:02:00,"JAC",10,303,0,"CLE",14,334,1,-4,4,24
2011,11,2011-11-20 13:02:00,"TB",26,455,2,"GB",35,378,1,-9,9,61
2011,11,2011-11-20 13:03:00,"DAL",27,353,0,"WAS",24,339,2,3,3,51
2011,11,2011-11-20 13:05:00,"LV",27,301,1,"MIN",21,311,5,6,6,48
2011,11,2011-11-20 16:05:00,"ARI",7,229,5,"SF",23,431,1,-16,16,30
2011,11,2011-11-20 16:05:00,"SEA",24,289,2,"LAR",7,185,3,17,17,31
2011,11,2011-11-20 16:15:00,"TEN",17,298,1,"ATL",23,432,1,-6,6,40
2011,11,2011-11-20 16:16:00,"LAC",20,332,3,"CHI",31,378,1,-11,11,51
2011,11,2011-11-20 20:32:00,"PHI",17,391,3,"NYG",10,278,2,7,7,27
2011,11,2011-11-21 20:40:00,"KC",3,334,3,"NE",34,380,1,-31,31,37
2011,12,2011-11-24 12:35:00,"GB",27,349,0,"DET",15,409,3,12,12,42
2011,12,2011-11-24 16:16:00,"MIA",19,352,1,"DAL",20,303,2,-1,1,39
2011,12,2011-11-24 20:29:00,"SF",6,170,1,"BAL",16,253,0,-10,10,22
2011,12,2011-11-27 13:00:00,"ARI",23,374,3,"LAR",20,272,2,3,3,43
2011,12,2011-11-27 13:02:00,"BUF",24,336,0,"NYJ",28,318,2,-4,4,52
2011,12,2011-11-27 13:02:00,"CLE",20,274,1,"CIN",23,389,1,-3,3,43
2011,12,2011-11-27 13:02:00,"MIN",14,226,0,"ATL",24,335,1,-10,10,38
2011,12,2011-11-27 13:02:00,"TB",17,308,5,"TEN",23,352,4,-6,6,40
2011,12,2011-11-27 13:03:00,"CAR",27,377,1,"IND",19,323,2,8,8,46
2011,12,2011-11-27 13:03:00,"HOU",20,215,1,"JAC",13,255,1,7,7,33
2011,12,2011-11-27 16:05:00,"CHI",20,401,3,"LV",25,341,1,-5,5,45
2011,12,2011-11-27 16:07:00,"WAS",23,416,2,"SEA",17,250,1,6,6,40
2011,12,2011-11-27 16:15:00,"DEN",16,349,0,"LAC",13,344,0,3,3,29
2011,12,2011-11-27 16:15:00,"NE",38,457,0,"PHI",20,466,1,18,18,58
2011,12,2011-11-27 20:31:00,"PIT",13,290,2,"KC",9,252,4,4,4,22
2011,12,2011-11-28 20:40:00,"NYG",24,465,2,"NO",49,577,0,-25,25,73
2011,13,2011-12-01 20:29:00,"PHI",14,330,4,"SEA",31,347,0,-17,17,45
2011,13,2011-12-04 13:02:00,"CAR",38,385,0,"TB",19,285,1,19,19,57
2011,13,2011-12-04 13:02:00,"CIN",7,232,2,"PIT",35,295,0,-28,28,42
2011,13,2011-12-04 13:02:00,"IND",24,437,2,"NE",31,362,0,-7,7,55
2011,13,2011-12-04 13:02:00,"TEN",23,317,0,"BUF",17,386,2,6,6,40
2011,13,2011-12-04 13:03:00,"ATL",10,337,2,"HOU",17,337,1,-7,7,27
2011,13,2011-12-04 13:03:00,"KC",10,252,1,"CHI",3,181,3,7,7,13
2011,13,2011-12-04 13:03:00,"NYJ",34,266,1,"WAS",19,304,3,15,15,53
2011,13,2011-12-04 13:03:00,"LV",14,304,1,"MIA",34,362,0,-20,20,48
2011,13,2011-12-04 13:05:00,"DEN",35,336,2,"MIN",32,489,3,3,3,67
2011,13,2011-12-04 16:05:00,"BAL",24,448,1,"CLE",10,233,1,14,14,34
2011,13,2011-12-04 16:15:00,"DAL",13,336,0,"ARI",19,327,0,-6,6,32
2011,13,2011-12-04 16:15:00,"GB",38,449,1,"NYG",35,447,2,3,3,73
2011,13,2011-12-04 16:15:00,"LAR",0,157,2,"SF",26,389,0,-26,26,26
2011,13,2011-12-04 20:31:00,"DET",17,466,1,"NO",31,438,0,-14,14,48
2011,13,2011-12-05 20:41:00,"LAC",38,433,0,"JAC",14,306,1,24,24,52
2011,14,2011-12-08 20:28:00,"CLE",3,304,2,"PIT",14,416,3,-11,11,17
2011,14,2011-12-11 13:02:00,"HOU",20,412,4,"CIN",19,285,2,1,1,39
2011,14,2011-12-11 13:02:00,"IND",10,167,1,"BAL",24,358,2,-14,14,34
2011,14,2011-12-11 13:02:00,"KC",10,221,1,"NYJ",37,314,1,-27,27,47
2011,14,2011-12-11 13:03:00,"MIN",28,425,6,"DET",34,280,0,-6,6,62
2011,14,2011-12-11 13:03:00,"NE",34,431,1,"WAS",27,463,2,7,7,61
2011,14,2011-12-11 13:03:00,"NO",22,437,0,"TEN",17,373,0,5,5,39
2011,14,2011-12-11 13:03:00,"PHI",26,239,2,"MIA",10,204,3,16,16,36
2011,14,2011-12-11 13:03:00,"TB",14,280,7,"JAC",41,325,2,-27,27,55
2011,14,2011-12-11 13:04:00,"ATL",31,394,0,"CAR",23,416,2,8,8,54
2011,14,2011-12-11 16:05:00,"CHI",10,245,1,"DEN",13,345,2,-3,3,23
2011,14,2011-12-11 16:05:00,"SF",19,233,0,"ARI",21,325,3,-2,2,40
2011,14,2011-12-11 16:15:00,"BUF",10,281,3,"LAC",37,366,1,-27,27,47
2011,14,2011-12-11 16:15:00,"LV",16,357,5,"GB",46,391,1,-30,30,62
2011,14,2011-12-11 20:30:00,"NYG",37,510,1,"DAL",34,444,1,3,3,71
2011,14,2011-12-12 20:40:00,"LAR",13,281,1,"SEA",30,359,1,-17,17,43
2011,15,2011-12-15 20:29:00,"JAC",14,207,4,"ATL",41,373,0,-27,27,55
2011,15,2011-12-17 20:29:00,"DAL",31,399,1,"TB",15,190,1,16,16,46
2011,15,2011-12-18 13:00:00,"CIN",20,283,1,"LAR",13,305,0,7,7,33
2011,15,2011-12-18 13:02:00,"MIA",30,448,3,"BUF",23,404,3,7,7,53
2011,15,2011-12-18 13:02:00,"WAS",23,300,2,"NYG",10,324,3,13,13,33
2011,15,2011-12-18 13:03:00,"CAR",28,316,0,"HOU",13,358,3,15,15,41
2011,15,2011-12-18 13:03:00,"GB",14,315,0,"KC",19,438,0,-5,5,33
2011,15,2011-12-18 13:03:00,"SEA",38,286,1,"CHI",14,221,5,24,24,52
2011,15,2011-12-18 13:03:00,"TEN",13,388,3,"IND",27,287,1,-14,14,40
2011,15,2011-12-18 13:05:00,"NO",42,573,2,"MIN",20,207,1,22,22,62
2011,15,2011-12-18 16:05:00,"DET",28,432,1,"LV",27,477,1,1,1,55
2011,15,2011-12-18 16:15:00,"CLE",17,333,1,"ARI",20,363,1,-3,3,37
2011,15,2011-12-18 16:16:00,"NE",41,451,0,"DEN",23,393,3,18,18,64
2011,15,2011-12-18 16:16:00,"NYJ",19,241,4,"PHI",45,420,4,-26,26,64
2011,15,2011-12-18 20:30:00,"BAL",14,290,2,"LAC",34,415,0,-20,20,48
2011,15,2011-12-19 21:00:00,"PIT",3,389,4,"SF",20,287,0,-17,17,23
2011,16,2011-12-22 20:29:00,"HOU",16,283,1,"IND",19,320,1,-3,3,35
2011,16,2011-12-24 13:02:00,"ARI",16,316,3,"CIN",23,301,2,-7,7,39
2011,16,2011-12-24 13:02:00,"DEN",14,285,3,"BUF",40,351,0,-26,26,54
2011,16,2011-12-24 13:02:00,"JAC",17,300,1,"TEN",23,407,3,-6,6,40
2011,16,2011-12-24 13:02:00,"MIA",24,374,2,"NE",27,400,0,-3,3,51
2011,16,2011-12-24 13:02:00,"LAR",0,232,0,"PIT",27,377,1,-27,27,27
2011,16,2011-12-24 13:03:00,"CLE",14,256,1,"BAL",20,284,1,-6,6,34
2011,16,2011-12-24 13:03:00,"NYG",29,332,1,"NYJ",14,331,3,15,15,43
2011,16,2011-12-24 13:03:00,"LV",16,308,2,"KC",13,435,2,3,3,29
2011,16,2011-12-24 13:04:00,"TB",16,317,4,"CAR",48,433,0,-32,32,64
2011,16,2011-12-24 13:05:00,"MIN",33,389,0,"WAS",26,397,2,7,7,59
2011,16,2011-12-24 16:05:00,"LAC",10,367,2,"DET",38,440,0,-28,28,48
2011,16,2011-12-24 16:15:00,"PHI",20,386,1,"DAL",7,238,0,13,13,27
2011,16,2011-12-24 16:16:00,"SF",19,349,0,"SEA",17,265,1,2,2,36
2011,16,2011-12-25 20:30:00,"CHI",21,441,2,"GB",35,363,0,-14,14,56
2011,16,2011-12-26 20:40:00,"ATL",16,469,1,"NO",45,463,2,-29,29,61
2011,17,2012-01-01 13:00:00,"SF",34,321,0,"LAR",27,311,2,7,7,61
2011,17,2012-01-01 13:02:00,"BUF",21,402,4,"NE",49,480,1,-28,28,70
2011,17,2012-01-01 13:02:00,"DET",41,575,4,"GB",45,550,2,-4,4,86
2011,17,2012-01-01 13:02:00,"NYJ",17,374,3,"MIA",19,210,2,-2,2,36
2011,17,2012-01-01 13:02:00,"TEN",23,361,1,"HOU",22,387,1,1,1,45
2011,17,2012-01-01 13:02:00,"WAS",10,377,1,"PHI",34,390,2,-24,24,44
2011,17,2012-01-01 13:03:00,"CAR",17,301,2,"NO",45,617,1,-28,28,62
2011,17,2012-01-01 13:03:00,"IND",13,298,3,"JAC",19,261,1,-6,6,32
2011,17,2012-01-01 13:05:00,"CHI",17,209,3,"MIN",13,301,3,4,4,30
2011,17,2012-01-01 16:15:00,"LAC",38,463,1,"LV",26,520,1,12,12,64
2011,17,2012-01-01 16:15:00,"SEA",20,369,1,"ARI",23,388,2,-3,3,43
2011,17,2012-01-01 16:16:00,"BAL",24,347,0,"CIN",16,336,1,8,8,40
2011,17,2012-01-01 16:16:00,"KC",7,281,1,"DEN",3,266,2,4,4,10
2011,17,2012-01-01 16:16:00,"PIT",13,360,2,"CLE",9,240,1,4,4,22
2011,17,2012-01-01 16:17:00,"TB",24,294,4,"ATL",45,428,2,-21,21,69
2011,17,2012-01-01 20:31:00,"DAL",14,300,2,"NYG",31,437,0,-17,17,45
2011,101,2012-01-07 16:35:00,"CIN",10,300,3,"HOU",31,340,0,-21,21,41
2011,101,2012-01-07 20:09:00,"DET",28,412,2,"NO",45,626,2,-17,17,73
2011,101,2012-01-08 13:06:00,"ATL",2,247,0,"NYG",24,442,0,-22,22,26
2011,101,2012-01-08 16:40:00,"PIT",23,400,1,"DEN",29,447,1,-6,6,52
2011,102,2012-01-14 16:35:00,"NO",32,472,5,"SF",36,407,1,-4,4,68
2011,102,2012-01-14 20:15:00,"DEN",10,252,1,"NE",45,509,2,-35,35,55
2011,102,2012-01-15 13:05:00,"HOU",13,315,4,"BAL",20,227,0,-7,7,33
2011,102,2012-01-15 16:40:00,"NYG",37,420,1,"GB",20,388,4,17,17,57
2011,103,2012-01-22 15:05:00,"BAL",20,398,1,"NE",23,330,3,-3,3,43
2011,103,2012-01-22 18:41:00,"NYG",20,352,0,"SF",17,328,2,3,3,37
2011,104,2012-02-05 18:30:00,"NE",17,349,1,"NYG",21,396,0,-4,4,38
2012,1,2012-09-05 20:41:00,"DAL",24,433,1,"NYG",17,269,1,7,7,41
2012,1,2012-09-09 13:02:00,"IND",21,356,5,"CHI",41,428,1,-20,20,62
2012,1,2012-09-09 13:03:00,"ATL",40,376,0,"KC",24,393,3,16,16,64
2012,1,2012-09-09 13:03:00,"BUF",28,390,4,"NYJ",48,384,1,-20,20,76
2012,1,2012-09-09 13:03:00,"MIA",10,275,4,"HOU",30,337,0,-20,20,40
2012,1,2012-09-09 13:03:00,"NE",34,390,0,"TEN",13,284,2,21,21,47
2012,1,2012-09-09 13:03:00,"PHI",17,456,5,"CLE",16,210,4,1,1,33
2012,1,2012-09-09 13:03:00,"LAR",23,250,0,"DET",27,429,3,-4,4,50
2012,1,2012-09-09 13:03:00,"WAS",40,459,0,"NO",32,358,3,8,8,72
2012,1,2012-09-09 13:05:00,"JAC",23,355,1,"MIN",26,389,1,-3,3,49
2012,1,2012-09-09 16:25:00,"SF",30,377,0,"GB",22,324,1,8,8,52
2012,1,2012-09-09 16:25:00,"SEA",16,254,2,"ARI",20,253,2,-4,4,36
2012,1,2012-09-09 16:26:00,"CAR",10,301,2,"TB",16,258,0,-6,6,26
2012,1,2012-09-09 20:31:00,"PIT",19,284,1,"DEN",31,334,1,-12,12,50
2012,1,2012-09-10 19:10:00,"CIN",13,322,2,"BAL",44,430,0,-31,31,57
2012,1,2012-09-10 22:25:00,"LAC",22,258,0,"LV",14,321,1,8,8,36
2012,2,2012-09-13 20:29:00,"CHI",10,168,4,"GB",23,321,2,-13,13,33
2012,2,2012-09-16 13:02:00,"ARI",20,242,2,"NE",18,387,1,2,2,38
2012,2,2012-09-16 13:02:00,"CLE",27,439,1,"CIN",34,375,1,-7,7,61
2012,2,2012-09-16 13:02:00,"KC",17,422,3,"BUF",35,379,0,-18,18,52
2012,2,2012-09-16 13:02:00,"LV",13,396,1,"MIA",35,452,0,-22,22,48
2012,2,2012-09-16 13:03:00,"BAL",23,325,2,"PHI",24,486,4,-1,1,47
2012,2,2012-09-16 13:03:00,"HOU",27,411,0,"JAC",7,117,1,20,20,34
2012,2,2012-09-16 13:03:00,"MIN",20,327,1,"IND",23,278,0,-3,3,43
2012,2,2012-09-16 13:03:00,"NO",27,486,2,"CAR",35,463,1,-8,8,62
2012,2,2012-09-16 13:03:00,"TB",34,307,2,"NYG",41,604,3,-7,7,75
2012,2,2012-09-16 16:05:00,"WAS",28,373,1,"LAR",31,452,3,-3,3,59
2012,2,2012-09-16 16:06:00,"DAL",7,296,2,"SEA",27,315,0,-20,20,34
2012,2,2012-09-16 16:25:00,"NYJ",10,219,1,"PIT",27,331,0,-17,17,37
2012,2,2012-09-16 16:25:00,"TEN",10,212,1,"LAC",38,416,1,-28,28,48
2012,2,2012-09-16 20:30:00,"DET",19,296,1,"SF",27,349,1,-8,8,46
2012,2,2012-09-17 20:41:00,"DEN",21,336,4,"ATL",27,275,0,-6,6,48
2012,3,2012-09-20 20:20:00,"NYG",36,405,0,"CAR",7,327,5,29,29,43
2012,3,2012-09-23 13:02:00,"BUF",24,344,1,"CLE",14,240,2,10,10,38
2012,3,2012-09-23 13:02:00,"KC",27,510,3,"NO",24,288,1,3,3,51
2012,3,2012-09-23 13:03:00,"CIN",38,478,2,"WAS",31,381,1,7,7,69
2012,3,2012-09-23 13:03:00,"DET",41,583,1,"TEN",44,437,2,-3,3,85
2012,3,2012-09-23 13:03:00,"JAC",22,333,0,"IND",17,437,1,5,5,39
2012,3,2012-09-23 13:03:00,"NYJ",23,388,2,"MIA",20,381,2,3,3,43
2012,3,2012-09-23 13:04:00,"LAR",6,160,2,"CHI",23,274,1,-17,17,29
2012,3,2012-09-23 13:05:00,"SF",13,280,3,"MIN",24,344,2,-11,11,37
2012,3,2012-09-23 13:05:00,"TB",10,166,2,"DAL",16,297,3,-6,6,26
2012,3,2012-09-23 16:05:00,"ATL",27,384,1,"LAC",3,280,4,24,24,30
2012,3,2012-09-23 16:05:00,"PHI",6,307,3,"ARI",27,292,0,-21,21,33
2012,3,2012-09-23 16:25:00,"HOU",31,436,2,"DEN",25,375,1,6,6,56
2012,3,2012-09-23 16:25:00,"PIT",31,433,2,"LV",34,321,1,-3,3,65
2012,3,2012-09-23 20:31:00,"NE",30,396,0,"BAL",31,503,1,-1,1,61
2012,3,2012-09-24 20:41:00,"GB",12,268,0,"SEA",14,238,0,-2,2,26
2012,4,2012-09-27 20:30:00,"CLE",16,357,2,"BAL",23,438,1,-7,7,39
2012,4,2012-09-30 13:00:00,"SEA",13,319,3,"LAR",19,286,1,-6,6,32
2012,4,2012-09-30 13:02:00,"NE",52,580,2,"BUF",28,438,6,24,24,80
2012,4,2012-09-30 13:03:00,"CAR",28,404,1,"ATL",30,426,1,-2,2,58
2012,4,2012-09-30 13:03:00,"MIN",20,227,0,"DET",13,341,1,7,7,33
2012,4,2012-09-30 13:03:00,"LAC",37,293,1,"KC",20,349,6,17,17,57
2012,4,2012-09-30 13:03:00,"SF",34,381,0,"NYJ",0,145,4,34,34,34
2012,4,2012-09-30 13:03:00,"TEN",14,325,3,"HOU",38,297,0,-24,24,52
2012,4,2012-09-30 16:05:00,"CIN",27,382,2,"JAC",10,212,2,17,17,37
2012,4,2012-09-30 16:05:00,"MIA",21,480,4,"ARI",24,297,2,-3,3,45
2012,4,2012-09-30 16:05:00,"LV",6,237,0,"DEN",37,503,1,-31,31,43
2012,4,2012-09-30 16:25:00,"NO",27,474,0,"GB",28,421,2,-1,1,55
2012,4,2012-09-30 16:25:00,"WAS",24,474,0,"TB",22,373,1,2,2,46
2012,4,2012-09-30 20:30:00,"NYG",17,366,1,"PHI",19,422,0,-2,2,36
2012,4,2012-10-01 20:40:00,"CHI",34,360,1,"DAL",18,430,5,16,16,52
2012,5,2012-10-04 20:20:00,"ARI",3,282,1,"LAR",17,242,1,-14,14,20
2012,5,2012-10-07 13:02:00,"BAL",9,298,2,"KC",6,338,4,3,3,15
2012,5,2012-10-07 13:02:00,"CLE",27,375,3,"NYG",41,502,2,-14,14,68
2012,5,2012-10-07 13:02:00,"PHI",14,246,2,"PIT",16,343,0,-2,2,30
2012,5,2012-10-07 13:03:00,"GB",27,356,1,"IND",30,464,1,-3,3,57
2012,5,2012-10-07 13:03:00,"MIA",17,279,2,"CIN",13,298,3,4,4,30
2012,5,2012-10-07 13:04:00,"ATL",24,421,2,"WAS",17,316,2,7,7,41
2012,5,2012-10-07 16:04:00,"SEA",16,310,3,"CAR",12,190,2,4,4,28
2012,5,2012-10-07 16:05:00,"CHI",41,501,1,"JAC",3,189,3,38,38,44
2012,5,2012-10-07 16:15:00,"TEN",7,267,2,"MIN",30,433,2,-23,23,37
2012,5,2012-10-07 16:25:00,"BUF",3,204,2,"SF",45,621,1,-42,42,48
2012,5,2012-10-07 16:25:00,"DEN",21,394,3,"NE",31,444,1,-10,10,52
2012,5,2012-10-07 20:31:00,"LAC",24,427,2,"NO",31,404,1,-7,7,55
2012,5,2012-10-08 20:40:00,"HOU",23,378,1,"NYJ",17,286,2,6,6,40
2012,6,2012-10-11 20:29:00,"PIT",23,412,1,"TEN",26,359,1,-3,3,49
2012,6,2012-10-14 13:00:00,"KC",10,260,2,"TB",38,463,2,-28,28,48
2012,6,2012-10-14 13:00:00,"LAR",14,462,1,"MIA",17,192,0,-3,3,31
2012,6,2012-10-14 13:01:00,"LV",20,474,3,"ATL",23,286,3,-3,3,43
2012,6,2012-10-14 13:02:00,"CIN",24,438,4,"CLE",34,328,1,-10,10,58
2012,6,2012-10-14 13:02:00,"DAL",29,481,1,"BAL",31,316,0,-2,2,60
2012,6,2012-10-14 13:02:00,"IND",9,298,4,"NYJ",35,351,0,-26,26,44
2012,6,2012-10-14 13:03:00,"DET",26,449,1,"PHI",23,357,3,3,3,49
2012,6,2012-10-14 16:04:00,"NE",23,475,2,"SEA",24,368,2,-1,1,47
2012,6,2012-10-14 16:05:00,"BUF",19,306,2,"ARI",16,332,2,3,3,35
2012,6,2012-10-14 16:23:00,"NYG",26,342,0,"SF",3,314,3,23,23,29
2012,6,2012-10-14 16:24:00,"MIN",26,421,3,"WAS",38,361,1,-12,12,64
2012,6,2012-10-14 20:30:00,"GB",42,427,0,"HOU",24,321,3,18,18,66
2012,6,2012-10-15 20:40:00,"DEN",35,365,3,"LAC",24,307,6,11,11,59
2012,7,2012-10-18 20:29:00,"SEA",6,251,1,"SF",13,313,1,-7,7,19
2012,7,2012-10-21 13:00:00,"GB",30,402,0,"LAR",20,354,1,10,10,50
2012,7,2012-10-21 13:02:00,"BAL",13,176,2,"HOU",43,420,0,-30,30,56
2012,7,2012-10-21 13:02:00,"CLE",13,319,0,"IND",17,321,1,-4,4,30
2012,7,2012-10-21 13:02:00,"NO",35,458,1,"TB",28,513,0,7,7,63
2012,7,2012-10-21 13:02:00,"TEN",35,390,0,"BUF",34,382,2,1,1,69
2012,7,2012-10-21 13:03:00,"DAL",19,312,1,"CAR",14,328,2,5,5,33
2012,7,2012-10-21 13:03:00,"WAS",23,480,4,"NYG",27,393,2,-4,4,50
2012,7,2012-10-21 13:05:00,"ARI",14,356,2,"MIN",21,209,2,-7,7,35
2012,7,2012-10-21 16:25:00,"JAC",23,209,1,"LV",26,351,3,-3,3,49
2012,7,2012-10-21 16:25:00,"NYJ",26,403,2,"NE",29,381,1,-3,3,55
2012,7,2012-10-21 20:30:00,"PIT",24,431,2,"CIN",17,185,1,7,7,41
2012,7,2012-10-22 20:40:00,"DET",7,340,4,"CHI",13,296,0,-6,6,20
2012,8,2012-10-25 20:29:00,"TB",36,416,0,"MIN",17,369,3,19,19,53
2012,8,2012-10-28 13:02:00,"WAS",12,255,0,"PIT",27,355,0,-15,15,39
2012,8,2012-10-28 13:03:00,"ATL",30,392,0,"PHI",17,270,0,13,13,47
2012,8,2012-10-28 13:03:00,"CAR",22,416,2,"CHI",23,210,3,-1,1,45
2012,8,2012-10-28 13:03:00,"SEA",24,369,2,"DET",28,415,1,-4,4,52
2012,8,2012-10-28 13:05:00,"JAC",15,341,1,"GB",24,238,1,-9,9,39
2012,8,2012-10-28 13:06:00,"IND",19,457,1,"TEN",13,339,0,6,6,32
2012,8,2012-10-28 13:06:00,"MIA",30,236,1,"NYJ",9,363,2,21,21,39
2012,8,2012-10-28 13:06:00,"NE",45,473,0,"LAR",7,326,2,38,38,52
2012,8,2012-10-28 13:06:00,"LAC",6,265,1,"CLE",7,250,0,-1,1,13
2012,8,2012-10-28 16:06:00,"LV",26,344,1,"KC",16,299,4,10,10,42
2012,8,2012-10-28 16:25:00,"NYG",29,293,2,"DAL",24,434,6,5,5,53
2012,8,2012-10-28 20:30:00,"NO",14,252,1,"DEN",34,530,1,-20,20,48
2012,8,2012-10-29 20:40:00,"SF",24,317,0,"ARI",3,265,1,21,21,27
2012,9,2012-11-01 20:27:00,"KC",13,289,4,"LAC",31,339,2,-18,18,44
2012,9,2012-11-04 13:02:00,"ARI",17,340,2,"GB",31,384,1,-14,14,48
2012,9,2012-11-04 13:02:00,"BUF",9,304,1,"HOU",21,374,0,-12,12,30
2012,9,2012-11-04 13:02:00,"DEN",31,359,2,"CIN",23,366,1,8,8,54
2012,9,2012-11-04 13:02:00,"MIA",20,365,0,"IND",23,516,0,-3,3,43
2012,9,2012-11-04 13:03:00,"BAL",25,282,0,"CLE",15,290,2,10,10,40
2012,9,2012-11-04 13:04:00,"CHI",51,365,1,"TEN",20,339,5,31,31,71
2012,9,2012-11-04 13:04:00,"DET",31,434,0,"JAC",14,279,2,17,17,45
2012,9,2012-11-04 13:05:00,"CAR",21,330,0,"WAS",13,337,0,8,8,34
2012,9,2012-11-04 16:05:00,"TB",42,515,1,"LV",32,424,3,10,10,74
2012,9,2012-11-04 16:06:00,"MIN",20,287,2,"SEA",30,385,0,-10,10,50
2012,9,2012-11-04 16:26:00,"PIT",24,349,2,"NYG",20,182,1,4,4,44
2012,9,2012-11-04 20:31:00,"DAL",13,377,0,"ATL",19,453,0,-6,6,32
2012,9,2012-11-05 20:40:00,"PHI",13,447,2,"NO",28,371,2,-15,15,41
2012,10,2012-11-08 20:30:00,"IND",27,359,2,"JAC",10,337,3,17,17,37
2012,10,2012-11-11 13:02:00,"ATL",27,454,1,"NO",31,440,1,-4,4,58
2012,10,2012-11-11 13:02:00,"BUF",31,481,3,"NE",37,347,0,-6,6,68
2012,10,2012-11-11 13:02:00,"DEN",36,360,2,"CAR",14,250,2,22,22,50
2012,10,2012-11-11 13:02:00,"LV",20,422,3,"BAL",55,419,1,-35,35,75
2012,10,2012-11-11 13:03:00,"NYG",13,318,4,"CIN",31,275,1,-18,18,44
2012,10,2012-11-11 13:03:00,"LAC",24,426,2,"TB",34,279,0,-10,10,58
2012,10,2012-11-11 13:03:00,"TEN",37,293,0,"MIA",3,255,4,34,34,40
2012,10,2012-11-11 13:05:00,"DET",24,368,2,"MIN",34,403,0,-10,10,58
2012,10,2012-11-11 16:06:00,"NYJ",7,185,3,"SEA",28,363,2,-21,21,35
2012,10,2012-11-11 16:25:00,"DAL",38,294,0,"PHI",23,369,2,15,15,61
2012,10,2012-11-11 16:25:00,"LAR",24,458,1,"SF",24,341,0,0,0,48
2012,10,2012-11-11 20:31:00,"HOU",13,215,2,"CHI",6,249,4,7,7,19
2012,10,2012-11-12 20:40:00,"KC",13,290,1,"PIT",16,249,1,-3,3,29
2012,11,2012-11-15 20:29:00,"MIA",14,184,3,"BUF",19,281,0,-5,5,33
2012,11,2012-11-18 13:00:00,"NYJ",27,289,0,"LAR",13,281,3,14,14,40
2012,11,2012-11-18 13:02:00,"GB",24,314,1,"DET",20,362,4,4,4,44
2012,11,2012-11-18 13:03:00,"ARI",19,178,1,"ATL",23,354,6,-4,4,42
2012,11,2012-11-18 13:03:00,"CIN",28,409,0,"KC",6,284,1,22,22,34
2012,11,2012-11-18 13:03:00,"JAC",37,458,1,"HOU",43,653,3,-6,6,80
2012,11,2012-11-18 13:03:00,"PHI",6,257,3,"WAS",31,361,0,-25,25,37
2012,11,2012-11-18 13:04:00,"CLE",20,311,1,"DAL",23,320,1,-3,3,43
2012,11,2012-11-18 13:04:00,"TB",27,403,3,"CAR",21,331,1,6,6,48
2012,11,2012-11-18 16:05:00,"NO",38,380,0,"LV",17,404,2,21,21,55
2012,11,2012-11-18 16:25:00,"IND",24,448,4,"NE",59,446,0,-35,35,83
2012,11,2012-11-18 16:25:00,"LAC",23,277,3,"DEN",30,386,2,-7,7,53
2012,11,2012-11-18 20:30:00,"BAL",13,200,0,"PIT",10,309,3,3,3,23
2012,11,2012-11-19 20:40:00,"CHI",7,143,2,"SF",32,353,0,-25,25,39
2012,12,2012-11-22 12:39:00,"HOU",34,501,1,"DET",31,525,1,3,3,65
2012,12,2012-11-22 16:41:00,"WAS",38,437,1,"DAL",31,458,3,7,7,69
2012,12,2012-11-22 20:31:00,"NE",49,475,1,"NYJ",19,405,5,30,30,68
2012,12,2012-11-25 13:00:00,"MIN",10,258,3,"CHI",28,296,2,-18,18,38
2012,12,2012-11-25 13:02:00,"ATL",24,424,2,"TB",23,326,0,1,1,47
2012,12,2012-11-25 13:02:00,"LV",10,218,2,"CIN",34,415,0,-24,24,44
2012,12,2012-11-25 13:02:00,"PIT",14,242,8,"CLE",20,238,1,-6,6,34
2012,12,2012-11-25 13:03:00,"BUF",13,304,1,"IND",20,312,2,-7,7,33
2012,12,2012-11-25 13:03:00,"DEN",17,368,1,"KC",9,264,1,8,8,26
2012,12,2012-11-25 13:03:00,"SEA",21,312,0,"MIA",24,435,1,-3,3,45
2012,12,2012-11-25 13:03:00,"TEN",19,360,2,"JAC",24,321,1,-5,5,43
2012,12,2012-11-25 16:05:00,"BAL",16,443,0,"LAC",13,280,0,3,3,29
2012,12,2012-11-25 16:25:00,"SF",31,375,2,"NO",21,290,2,10,10,52
2012,12,2012-11-25 16:25:00,"LAR",31,367,1,"ARI",17,375,4,14,14,48
2012,12,2012-11-25 20:30:00,"GB",10,317,2,"NYG",38,390,0,-28,28,48
2012,12,2012-11-26 20:32:00,"CAR",30,398,0,"PHI",22,311,3,8,8,52
2012,13,2012-11-29 20:29:00,"NO",13,436,5,"ATL",23,283,1,-10,10,36
2012,13,2012-12-02 13:00:00,"SF",13,339,1,"LAR",16,293,0,-3,3,29
2012,13,2012-12-02 13:02:00,"HOU",24,331,0,"TEN",10,354,6,14,14,34
2012,13,2012-12-02 13:02:00,"JAC",18,236,2,"BUF",34,344,2,-16,16,52
2012,13,2012-12-02 13:02:00,"MIN",14,359,2,"GB",23,435,1,-9,9,37
2012,13,2012-12-02 13:02:00,"NE",23,321,1,"MIA",16,277,1,7,7,39
2012,13,2012-12-02 13:03:00,"ARI",6,137,1,"NYJ",7,289,4,-1,1,13
2012,13,2012-12-02 13:03:00,"CAR",21,385,0,"KC",27,355,0,-6,6,48
2012,13,2012-12-02 13:03:00,"IND",35,459,3,"DET",33,451,1,2,2,68
2012,13,2012-12-02 13:03:00,"SEA",23,459,1,"CHI",17,365,0,6,6,40
2012,13,2012-12-02 16:05:00,"TB",23,306,1,"DEN",31,333,1,-8,8,54
2012,13,2012-12-02 16:25:00,"CIN",20,339,3,"LAC",13,297,2,7,7,33
2012,13,2012-12-02 16:25:00,"CLE",20,475,2,"LV",17,429,1,3,3,37
2012,13,2012-12-02 16:25:00,"PIT",23,366,3,"BAL",20,288,2,3,3,43
2012,13,2012-12-02 20:20:00,"PHI",33,423,1,"DAL",38,417,0,-5,5,71
2012,13,2012-12-03 20:40:00,"NYG",16,390,0,"WAS",17,370,1,-1,1,33
2012,14,2012-12-06 20:30:00,"DEN",26,428,1,"LV",13,324,2,13,13,39
2012,14,2012-12-09 13:02:00,"KC",7,310,1,"CLE",30,352,0,-23,23,37
2012,14,2012-12-09 13:02:00,"NYJ",17,270,2,"JAC",10,291,2,7,7,27
2012,14,2012-12-09 13:02:00,"LAC",34,294,0,"PIT",24,340,2,10,10,58
2012,14,2012-12-09 13:02:00,"LAR",15,285,1,"BUF",12,281,2,3,3,27
2012,14,2012-12-09 13:02:00,"TEN",23,356,2,"IND",27,269,2,-4,4,50
2012,14,2012-12-09 13:03:00,"BAL",28,359,2,"WAS",31,423,1,-3,3,59
2012,14,2012-12-09 13:03:00,"DAL",20,288,1,"CIN",19,336,1,1,1,39
2012,14,2012-12-09 13:03:00,"PHI",23,367,1,"TB",21,314,0,2,2,44
2012,14,2012-12-09 13:04:00,"ATL",20,362,1,"CAR",30,475,0,-10,10,50
2012,14,2012-12-09 13:05:00,"CHI",14,438,2,"MIN",21,248,1,-7,7,35
2012,14,2012-12-09 16:05:00,"MIA",13,227,1,"SF",27,321,0,-14,14,40
2012,14,2012-12-09 16:26:00,"ARI",0,154,8,"SEA",58,493,1,-58,58,58
2012,14,2012-12-09 16:26:00,"NO",27,487,4,"NYG",52,394,2,-25,25,79
2012,14,2012-12-09 20:30:00,"DET",20,386,2,"GB",27,288,1,-7,7,47
2012,14,2012-12-10 20:40:00,"HOU",14,323,1,"NE",42,419,1,-28,28,56
2012,15,2012-12-13 20:30:00,"CIN",34,249,2,"PHI",13,219,5,21,21,47
2012,15,2012-12-16 13:00:00,"MIN",36,322,0,"LAR",22,432,2,14,14,58
2012,15,2012-12-16 13:02:00,"DEN",34,350,0,"BAL",17,278,2,17,17,51
2012,15,2012-12-16 13:02:00,"IND",17,272,1,"HOU",29,417,0,-12,12,46
2012,15,2012-12-16 13:03:00,"GB",21,391,2,"CHI",13,190,1,8,8,34
2012,15,2012-12-16 13:03:00,"JAC",3,299,0,"MIA",24,389,1,-21,21,27
2012,15,2012-12-16 13:03:00,"NYG",0,256,3,"ATL",34,394,0,-34,34,34
2012,15,2012-12-16 13:03:00,"TB",0,386,5,"NO",41,447,0,-41,41,41
2012,15,2012-12-16 13:03:00,"WAS",38,430,1,"CLE",21,291,2,17,17,59
2012,15,2012-12-16 16:05:00,"CAR",31,372,1,"LAC",7,164,2,24,24,38
2012,15,2012-12-16 16:05:00,"DET",10,312,4,"ARI",38,196,1,-28,28,48
2012,15,2012-12-16 16:05:00,"SEA",50,466,0,"BUF",17,333,3,33,33,67
2012,15,2012-12-16 16:25:00,"KC",0,119,1,"LV",15,385,1,-15,15,15
2012,15,2012-12-16 16:25:00,"PIT",24,388,2,"DAL",27,415,1,-3,3,51
2012,15,2012-12-16 20:30:00,"SF",41,388,2,"NE",34,520,4,7,7,75
2012,15,2012-12-17 20:40:00,"NYJ",10,253,5,"TEN",14,294,0,-4,4,24
2012,16,2012-12-22 20:40:00,"ATL",31,344,0,"DET",18,522,3,13,13,49
2012,16,2012-12-23 13:02:00,"BUF",10,381,4,"MIA",24,301,0,-14,14,34
2012,16,2012-12-23 13:02:00,"CIN",13,267,3,"PIT",10,280,3,3,3,23
2012,16,2012-12-23 13:02:00,"NE",23,349,2,"JAC",16,436,3,7,7,39
2012,16,2012-12-23 13:02:00,"NO",34,562,0,"DAL",31,446,1,3,3,65
2012,16,2012-12-23 13:02:00,"TEN",7,180,2,"GB",55,460,0,-48,48,62
2012,16,2012-12-23 13:03:00,"IND",20,288,0,"KC",13,507,3,7,7,33
2012,16,2012-12-23 13:03:00,"MIN",23,345,1,"HOU",6,187,2,17,17,29
2012,16,2012-12-23 13:03:00,"LAC",27,223,0,"NYJ",17,225,2,10,10,44
2012,16,2012-12-23 13:03:00,"LAR",28,285,2,"TB",13,429,5,15,15,41
2012,16,2012-12-23 13:03:00,"WAS",27,313,1,"PHI",20,411,2,7,7,47
2012,16,2012-12-23 13:04:00,"LV",6,189,1,"CAR",17,271,2,-11,11,23
2012,16,2012-12-23 16:05:00,"CLE",12,233,1,"DEN",34,457,1,-22,22,46
2012,16,2012-12-23 16:25:00,"CHI",28,297,1,"ARI",13,248,3,15,15,41
2012,16,2012-12-23 16:25:00,"NYG",14,186,0,"BAL",33,533,0,-19,19,47
2012,16,2012-12-23 20:31:00,"SF",13,313,2,"SEA",42,346,1,-29,29,55
2012,17,2012-12-30 13:02:00,"CLE",10,320,4,"PIT",24,212,0,-14,14,34
2012,17,2012-12-30 13:02:00,"HOU",16,352,2,"IND",28,265,0,-12,12,44
2012,17,2012-12-30 13:02:00,"JAC",20,375,3,"TEN",38,221,0,-18,18,58
2012,17,2012-12-30 13:02:00,"NYJ",9,332,2,"BUF",28,334,1,-19,19,37
2012,17,2012-12-30 13:02:00,"TB",22,366,1,"ATL",17,278,0,5,5,39
2012,17,2012-12-30 13:03:00,"BAL",17,352,1,"CIN",23,189,0,-6,6,40
2012,17,2012-12-30 13:03:00,"CAR",44,530,1,"NO",38,441,1,6,6,82
2012,17,2012-12-30 13:03:00,"CHI",26,389,0,"DET",24,327,4,2,2,50
2012,17,2012-12-30 13:04:00,"PHI",7,317,1,"NYG",42,397,0,-35,35,49
2012,17,2012-12-30 16:21:00,"LV",21,265,1,"LAC",24,210,0,-3,3,45
2012,17,2012-12-30 16:25:00,"ARI",13,262,2,"SF",27,407,0,-14,14,40
2012,17,2012-12-30 16:25:00,"GB",34,405,1,"MIN",37,444,0,-3,3,71
2012,17,2012-12-30 16:25:00,"KC",3,119,0,"DEN",38,488,1,-35,35,41
2012,17,2012-12-30 16:25:00,"MIA",0,256,2,"NE",28,443,0,-28,28,28
2012,17,2012-12-30 16:26:00,"LAR",13,331,1,"SEA",20,362,0,-7,7,33
2012,17,2012-12-30 20:31:00,"DAL",18,296,3,"WAS",28,361,0,-10,10,46
2012,101,2013-01-05 16:35:00,"CIN",13,198,1,"HOU",19,420,1,-6,6,32
2012,101,2013-01-05 20:09:00,"MIN",10,324,3,"GB",24,326,0,-14,14,34
2012,101,2013-01-06 13:07:00,"IND",9,419,2,"BAL",24,439,2,-15,15,33
2012,101,2013-01-06 16:40:00,"SEA",24,380,1,"WAS",14,203,2,10,10,38
2012,102,2013-01-12 16:36:00,"BAL",38,479,1,"DEN",35,398,3,3,3,73
2012,102,2013-01-12 20:25:00,"GB",31,352,2,"SF",45,579,1,-14,14,76
2012,102,2013-01-13 13:05:00,"SEA",28,491,2,"ATL",30,417,2,-2,2,58
2012,102,2013-01-13 16:40:00,"HOU",28,425,1,"NE",41,457,0,-13,13,69
2012,103,2013-01-20 15:05:00,"SF",28,373,1,"ATL",24,477,2,4,4,52
2012,103,2013-01-20 18:40:00,"BAL",28,356,0,"NE",13,428,3,15,15,41
2012,104,2013-02-03 18:31:00,"SF",31,468,2,"BAL",34,367,1,-3,3,65
2013,1,2013-09-05 21:13:00,"BAL",27,393,2,"DEN",49,510,2,-22,22,76
2013,1,2013-09-08 13:02:00,"CIN",21,340,3,"CHI",24,323,1,-3,3,45
2013,1,2013-09-08 13:02:00,"MIA",23,275,1,"CLE",10,291,3,13,13,33
2013,1,2013-09-08 13:02:00,"MIN",24,330,4,"DET",34,469,2,-10,10,58
2013,1,2013-09-08 13:02:00,"NE",23,431,3,"BUF",21,286,2,2,2,44
2013,1,2013-09-08 13:02:00,"LV",17,372,2,"IND",21,274,0,-4,4,38
2013,1,2013-09-08 13:02:00,"TEN",16,229,0,"PIT",9,194,2,7,7,25
2013,1,2013-09-08 13:03:00,"ATL",17,367,2,"NO",23,419,1,-6,6,40
2013,1,2013-09-08 13:03:00,"KC",28,292,0,"JAC",2,178,2,26,26,30
2013,1,2013-09-08 13:03:00,"TB",17,250,2,"NYJ",18,304,2,-1,1,35
2013,1,2013-09-08 13:04:00,"SEA",12,370,1,"CAR",7,253,2,5,5,19
2013,1,2013-09-08 16:23:00,"ARI",24,390,2,"LAR",27,366,2,-3,3,51
2013,1,2013-09-08 16:26:00,"GB",28,385,2,"SF",34,494,0,-6,6,62
2013,1,2013-09-08 20:30:00,"NYG",31,478,6,"DAL",36,331,1,-5,5,67
2013,1,2013-09-09 19:10:00,"PHI",33,443,2,"WAS",27,382,3,6,6,60
2013,1,2013-09-09 22:25:00,"HOU",31,449,1,"LAC",28,263,1,3,3,59
2013,2,2013-09-12 20:29:00,"NYJ",10,318,4,"NE",13,232,0,-3,3,23
2013,2,2013-09-15 13:02:00,"CAR",23,308,1,"BUF",24,436,2,-1,1,47
2013,2,2013-09-15 13:02:00,"CLE",6,259,0,"BAL",14,296,1,-8,8,20
2013,2,2013-09-15 13:02:00,"DAL",16,318,2,"KC",17,313,0,-1,1,33
2013,2,2013-09-15 13:02:00,"MIA",24,398,1,"IND",20,448,1,4,4,44
2013,2,2013-09-15 13:02:00,"LAC",33,539,2,"PHI",30,511,0,3,3,63
2013,2,2013-09-15 13:02:00,"WAS",20,422,1,"GB",38,580,1,-18,18,58
2013,2,2013-09-15 13:03:00,"MIN",30,350,3,"CHI",31,411,4,-1,1,61
2013,2,2013-09-15 13:03:00,"LAR",24,421,1,"ATL",31,393,0,-7,7,55
2013,2,2013-09-15 13:03:00,"TEN",24,248,0,"HOU",30,452,2,-6,6,54
2013,2,2013-09-15 16:05:00,"DET",21,322,1,"ARI",25,348,1,-4,4,46
2013,2,2013-09-15 16:05:00,"NO",16,371,2,"TB",14,273,2,2,2,30
2013,2,2013-09-15 16:25:00,"DEN",41,414,1,"NYG",23,376,4,18,18,64
2013,2,2013-09-15 16:25:00,"JAC",9,248,0,"LV",19,340,1,-10,10,28
2013,2,2013-09-15 20:31:00,"SF",3,207,5,"SEA",29,290,1,-26,26,32
2013,2,2013-09-16 20:41:00,"PIT",10,278,2,"CIN",20,407,0,-10,10,30
2013,3,2013-09-19 20:29:00,"KC",26,394,0,"PHI",16,431,5,10,10,42
2013,3,2013-09-22 13:02:00,"LAR",7,232,1,"DAL",31,396,1,-24,24,38
2013,3,2013-09-22 13:02:00,"TB",3,323,1,"NE",23,358,1,-20,20,26
2013,3,2013-09-22 13:03:00,"ARI",7,247,2,"NO",31,423,1,-24,24,38
2013,3,2013-09-22 13:03:00,"DET",27,441,1,"WAS",20,420,2,7,7,47
2013,3,2013-09-22 13:03:00,"GB",30,399,4,"CIN",34,297,4,-4,4,64
2013,3,2013-09-22 13:03:00,"HOU",9,264,1,"BAL",30,236,0,-21,21,39
2013,3,2013-09-22 13:03:00,"NYG",0,150,3,"CAR",38,402,2,-38,38,38
2013,3,2013-09-22 13:03:00,"LAC",17,277,1,"TEN",20,452,0,-3,3,37
2013,3,2013-09-22 13:05:00,"CLE",31,409,4,"MIN",27,329,3,4,4,58
2013,3,2013-09-22 16:05:00,"ATL",23,377,2,"MIA",27,285,2,-4,4,50
2013,3,2013-09-22 16:25:00,"BUF",20,328,0,"NYJ",27,513,2,-7,7,47
2013,3,2013-09-22 16:25:00,"IND",27,336,0,"SF",7,254,2,20,20,34
2013,3,2013-09-22 16:26:00,"JAC",17,265,3,"SEA",45,479,2,-28,28,62
2013,3,2013-09-22 20:30:00,"CHI",40,258,0,"PIT",23,459,5,17,17,63
2013,3,2013-09-23 20:40:00,"LV",21,342,0,"DEN",37,536,2,-16,16,58
2013,4,2013-09-26 20:25:00,"SF",35,370,2,"LAR",11,188,2,24,24,46
2013,4,2013-09-29 13:02:00,"BAL",20,345,5,"BUF",23,350,3,-3,3,43
2013,4,2013-09-29 13:02:00,"NYG",7,298,3,"KC",31,390,3,-24,24,38
2013,4,2013-09-29 13:03:00,"ARI",13,296,3,"TB",10,253,3,3,3,23
2013,4,2013-09-29 13:03:00,"CHI",32,417,4,"DET",40,387,3,-8,8,72
2013,4,2013-09-29 13:03:00,"SEA",23,270,2,"HOU",20,476,3,3,3,43
2013,4,2013-09-29 13:06:00,"CIN",6,266,2,"CLE",17,336,0,-11,11,23
2013,4,2013-09-29 13:06:00,"IND",37,437,1,"JAC",3,205,3,34,34,40
2013,4,2013-09-29 13:07:00,"PIT",27,434,2,"MIN",34,393,0,-7,7,61
2013,4,2013-09-29 16:05:00,"NYJ",13,330,4,"TEN",38,322,0,-25,25,51
2013,4,2013-09-29 16:25:00,"DAL",21,319,1,"LAC",30,506,1,-9,9,51
2013,4,2013-09-29 16:25:00,"PHI",20,450,0,"DEN",52,472,0,-32,32,72
2013,4,2013-09-29 16:25:00,"WAS",24,339,1,"LV",14,298,3,10,10,38
2013,4,2013-09-29 20:30:00,"NE",30,448,0,"ATL",23,457,1,7,7,53
2013,4,2013-09-30 20:40:00,"MIA",17,331,4,"NO",38,465,1,-21,21,55
2013,5,2013-10-03 20:29:00,"BUF",24,343,1,"CLE",37,290,0,-13,13,61
2013,5,2013-10-06 13:00:00,"JAC",20,363,3,"LAR",34,351,0,-14,14,54
2013,5,2013-10-06 13:02:00,"BAL",26,384,2,"MIA",23,294,0,3,3,49
2013,5,2013-10-06 13:02:00,"DET",9,286,0,"GB",22,449,0,-13,13,31
2013,5,2013-10-06 13:02:00,"NE",6,248,2,"CIN",13,341,2,-7,7,19
2013,5,2013-10-06 13:02:00,"NO",26,347,0,"CHI",18,434,1,8,8,44
2013,5,2013-10-06 13:02:00,"PHI",36,439,0,"NYG",21,383,4,15,15,57
2013,5,2013-10-06 13:03:00,"KC",26,353,2,"TEN",17,339,3,9,9,43
2013,5,2013-10-06 13:03:00,"SEA",28,423,2,"IND",34,317,2,-6,6,62
2013,5,2013-10-06 16:05:00,"CAR",6,353,4,"ARI",22,250,3,-16,16,28
2013,5,2013-10-06 16:25:00,"DEN",51,517,2,"DAL",48,522,2,3,3,99
2013,5,2013-10-06 20:31:00,"HOU",3,313,4,"SF",34,284,0,-31,31,37
2013,5,2013-10-06 23:35:00,"LAC",17,427,5,"LV",27,299,0,-10,10,44
2013,5,2013-10-07 20:40:00,"NYJ",30,288,0,"ATL",28,363,1,2,2,58
2013,6,2013-10-10 20:29:00,"NYG",21,355,3,"CHI",27,372,0,-6,6,48
2013,6,2013-10-13 13:02:00,"CIN",27,483,1,"BUF",24,322,1,3,3,51
2013,6,2013-10-13 13:02:00,"DET",31,366,1,"CLE",17,395,2,14,14,48
2013,6,2013-10-13 13:02:00,"GB",19,438,2,"BAL",17,360,1,2,2,36
2013,6,2013-10-13 13:02:00,"LV",7,274,3,"KC",24,216,1,-17,17,31
2013,6,2013-10-13 13:03:00,"PHI",31,425,1,"TB",20,351,1,11,11,51
2013,6,2013-10-13 13:03:00,"PIT",19,328,0,"NYJ",6,267,2,13,13,25
2013,6,2013-10-13 13:03:00,"LAR",38,216,0,"HOU",13,420,4,25,25,51
2013,6,2013-10-13 13:05:00,"CAR",35,367,0,"MIN",10,290,2,25,25,45
2013,6,2013-10-13 16:05:00,"JAC",19,362,2,"DEN",35,407,3,-16,16,54
2013,6,2013-10-13 16:06:00,"TEN",13,223,2,"SEA",20,404,2,-7,7,33
2013,6,2013-10-13 16:25:00,"ARI",20,403,4,"SF",32,387,2,-12,12,52
2013,6,2013-10-13 16:25:00,"NO",27,361,2,"NE",30,376,1,-3,3,57
2013,6,2013-10-13 20:31:00,"WAS",16,433,2,"DAL",31,213,1,-15,15,47
2013,6,2013-10-14 20:40:00,"IND",9,267,1,"LAC",19,374,0,-10,10,28
2013,7,2013-10-17 20:25:00,"SEA",34,344,2,"ARI",22,234,2,12,12,56
2013,7,2013-10-20 13:02:00,"BUF",23,268,1,"MIA",21,293,3,2,2,44
2013,7,2013-10-20 13:02:00,"CIN",27,421,0,"DET",24,434,0,3,3,51
2013,7,2013-10-20 13:02:00,"DAL",17,368,2,"PHI",3,278,3,14,14,20
2013,7,2013-10-20 13:02:00,"LAC",24,434,0,"JAC",6,353,1,18,18,30
2013,7,2013-10-20 13:02:00,"TB",23,337,1,"ATL",31,291,1,-8,8,54
2013,7,2013-10-20 13:03:00,"NE",27,295,1,"NYJ",30,383,1,-3,3,57
2013,7,2013-10-20 13:03:00,"LAR",15,317,3,"CAR",30,282,0,-15,15,45
2013,7,2013-10-20 13:05:00,"CHI",41,359,1,"WAS",45,499,1,-4,4,86
2013,7,2013-10-20 16:06:00,"SF",31,349,0,"TEN",17,368,2,14,14,48
2013,7,2013-10-20 16:25:00,"BAL",16,287,0,"PIT",19,286,1,-3,3,35
2013,7,2013-10-20 16:25:00,"CLE",13,216,1,"GB",31,357,0,-18,18,44
2013,7,2013-10-20 16:26:00,"HOU",16,294,1,"KC",17,357,2,-1,1,33
2013,7,2013-10-20 20:31:00,"DEN",33,429,3,"IND",39,334,1,-6,6,72
2013,7,2013-10-21 20:40:00,"MIN",7,206,3,"NYG",23,257,1,-16,16,30
2013,8,2013-10-24 20:29:00,"CAR",31,324,0,"TB",13,297,1,18,18,44
2013,8,2013-10-27 13:02:00,"BUF",17,299,3,"NO",35,386,0,-18,18,52
2013,8,2013-10-27 13:02:00,"CLE",17,340,1,"KC",23,331,0,-6,6,40
2013,8,2013-10-27 13:02:00,"MIA",17,301,3,"NE",27,252,1,-10,10,44
2013,8,2013-10-27 13:02:00,"NYG",15,325,1,"PHI",7,200,3,8,8,22
2013,8,2013-10-27 13:03:00,"DAL",30,268,0,"DET",31,623,4,-1,1,61
2013,8,2013-10-27 13:07:00,"SF",42,398,1,"JAC",10,318,1,32,32,52
2013,8,2013-10-27 16:05:00,"PIT",18,276,2,"LV",21,279,3,-3,3,39
2013,8,2013-10-27 16:06:00,"NYJ",9,240,2,"CIN",49,402,1,-40,40,58
2013,8,2013-10-27 16:25:00,"ATL",13,292,4,"ARI",27,348,1,-14,14,40
2013,8,2013-10-27 16:25:00,"WAS",21,266,5,"DEN",45,446,4,-24,24,66
2013,8,2013-10-27 20:30:00,"GB",44,464,0,"MIN",31,243,0,13,13,75
2013,8,2013-10-28 20:30:00,"SEA",14,135,0,"LAR",9,339,2,5,5,23
2013,9,2013-10-31 20:29:00,"CIN",20,465,4,"MIA",22,345,1,-2,2,42
2013,9,2013-11-03 13:00:00,"TEN",28,363,2,"LAR",21,363,2,7,7,49
2013,9,2013-11-03 13:02:00,"KC",23,210,0,"BUF",13,470,3,10,10,36
2013,9,2013-11-03 13:03:00,"ATL",10,289,4,"CAR",34,373,2,-24,24,44
2013,9,2013-11-03 13:03:00,"MIN",23,393,2,"DAL",27,350,1,-4,4,50
2013,9,2013-11-03 13:03:00,"LAC",24,410,2,"WAS",30,500,1,-6,6,54
2013,9,2013-11-03 13:04:00,"NO",20,407,2,"NYJ",26,338,0,-6,6,46
2013,9,2013-11-03 16:05:00,"PHI",49,542,0,"LV",20,560,2,29,29,69
2013,9,2013-11-03 16:05:00,"TB",24,350,0,"SEA",27,415,3,-3,3,51
2013,9,2013-11-03 16:25:00,"BAL",18,278,2,"CLE",24,315,1,-6,6,42
2013,9,2013-11-03 16:25:00,"PIT",31,479,3,"NE",55,610,1,-24,24,86
2013,9,2013-11-03 20:30:00,"IND",27,314,0,"HOU",24,483,0,3,3,51
2013,9,2013-11-04 20:40:00,"CHI",27,442,0,"GB",20,312,1,7,7,47
2013,10,2013-11-07 20:35:00,"WAS",27,433,0,"MIN",34,307,1,-7,7,61
2013,10,2013-11-10 13:02:00,"BUF",10,227,1,"PIT",23,300,1,-13,13,33
2013,10,2013-11-10 13:02:00,"CIN",17,364,3,"BAL",20,189,3,-3,3,37
2013,10,2013-11-10 13:02:00,"JAC",29,214,2,"TEN",27,362,4,2,2,56
2013,10,2013-11-10 13:02:00,"PHI",27,415,1,"GB",13,396,2,14,14,40
2013,10,2013-11-10 13:03:00,"DET",21,364,1,"CHI",19,338,1,2,2,40
2013,10,2013-11-10 13:03:00,"LV",20,213,2,"NYG",24,251,3,-4,4,44
2013,10,2013-11-10 13:03:00,"SEA",33,490,0,"ATL",10,226,1,23,23,43
2013,10,2013-11-10 13:03:00,"LAR",38,372,1,"IND",8,406,5,30,30,46
2013,10,2013-11-10 16:05:00,"CAR",10,250,2,"SF",9,151,2,1,1,19
2013,10,2013-11-10 16:25:00,"DEN",28,397,1,"LAC",20,329,0,8,8,48
2013,10,2013-11-10 16:25:00,"HOU",24,235,1,"ARI",27,332,3,-3,3,51
2013,10,2013-11-10 20:30:00,"DAL",17,193,0,"NO",49,625,1,-32,32,66
2013,10,2013-11-11 20:40:00,"MIA",19,213,1,"TB",22,264,1,-3,3,41
2013,11,2013-11-14 20:29:00,"IND",30,366,0,"TEN",27,340,1,3,3,57
2013,11,2013-11-17 13:02:00,"BAL",20,317,2,"CHI",23,319,0,-3,3,43
2013,11,2013-11-17 13:02:00,"CLE",20,330,4,"CIN",41,224,2,-21,21,61
2013,11,2013-11-17 13:02:00,"DET",27,451,3,"PIT",37,398,0,-10,10,64
2013,11,2013-11-17 13:02:00,"NYJ",14,267,4,"BUF",37,313,0,-23,23,51
2013,11,2013-11-17 13:02:00,"WAS",16,427,2,"PHI",24,402,0,-8,8,40
2013,11,2013-11-17 13:03:00,"ATL",28,420,3,"TB",41,410,0,-13,13,69
2013,11,2013-11-17 13:03:00,"LV",28,341,0,"HOU",23,394,2,5,5,51
2013,11,2013-11-17 13:04:00,"ARI",27,416,0,"JAC",14,274,2,13,13,41
2013,11,2013-11-17 16:05:00,"LAC",16,435,1,"MIA",20,343,1,-4,4,36
2013,11,2013-11-17 16:25:00,"GB",13,394,3,"NYG",27,334,1,-14,14,40
2013,11,2013-11-17 16:25:00,"SF",20,196,1,"NO",23,387,3,-3,3,43
2013,11,2013-11-17 16:26:00,"MIN",20,336,4,"SEA",41,323,0,-21,21,61
2013,11,2013-11-17 20:30:00,"KC",17,344,1,"DEN",27,427,1,-10,10,44
2013,11,2013-11-18 20:42:00,"NE",20,390,2,"CAR",24,300,0,-4,4,44
2013,12,2013-11-21 20:30:00,"NO",17,374,0,"ATL",13,355,1,4,4,30
2013,12,2013-11-24 13:00:00,"CHI",21,424,3,"LAR",42,406,0,-21,21,63
2013,12,2013-11-24 13:02:00,"JAC",13,333,0,"HOU",6,218,1,7,7,19
2013,12,2013-11-24 13:02:00,"MIN",26,447,1,"GB",26,494,0,0,0,52
2013,12,2013-11-24 13:02:00,"NYJ",3,220,3,"BAL",19,312,1,-16,16,22
2013,12,2013-11-24 13:03:00,"CAR",20,295,1,"MIA",16,332,1,4,4,36
2013,12,2013-11-24 13:03:00,"PIT",27,302,0,"CLE",11,367,4,16,16,38
2013,12,2013-11-24 13:03:00,"LAC",41,491,0,"KC",38,395,2,3,3,79
2013,12,2013-11-24 13:03:00,"TB",24,229,0,"DET",21,390,5,3,3,45
2013,12,2013-11-24 16:05:00,"IND",11,239,1,"ARI",40,410,0,-29,29,51
2013,12,2013-11-24 16:05:00,"TEN",23,426,0,"LV",19,353,2,4,4,42
2013,12,2013-11-24 16:25:00,"DAL",24,311,1,"NYG",21,356,1,3,3,45
2013,12,2013-11-24 20:30:00,"DEN",31,412,4,"NE",34,440,3,-3,3,65
2013,12,2013-11-25 20:40:00,"SF",27,304,1,"WAS",6,190,1,21,21,33
2013,13,2013-11-28 12:36:00,"GB",10,126,3,"DET",40,561,4,-30,30,50
2013,13,2013-11-28 16:31:00,"LV",24,305,2,"DAL",31,352,1,-7,7,55
2013,13,2013-11-28 20:31:00,"PIT",20,329,0,"BAL",22,311,0,-2,2,42
2013,13,2013-12-01 13:02:00,"ARI",21,350,3,"PHI",24,307,0,-3,3,45
2013,13,2013-12-01 13:02:00,"JAC",32,314,1,"CLE",28,439,3,4,4,60
2013,13,2013-12-01 13:02:00,"MIA",23,453,1,"NYJ",3,177,3,20,20,26
2013,13,2013-12-01 13:02:00,"NE",34,453,1,"HOU",31,385,1,3,3,65
2013,13,2013-12-01 13:02:00,"TEN",14,347,4,"IND",22,264,1,-8,8,36
2013,13,2013-12-01 13:04:00,"TB",6,206,2,"CAR",27,426,2,-21,21,33
2013,13,2013-12-01 13:05:00,"CHI",20,480,1,"MIN",23,496,1,-3,3,43
2013,13,2013-12-01 16:05:00,"ATL",34,423,1,"BUF",31,405,2,3,3,65
2013,13,2013-12-01 16:05:00,"LAR",13,312,1,"SF",23,338,1,-10,10,36
2013,13,2013-12-01 16:25:00,"CIN",17,354,2,"LAC",10,334,3,7,7,27
2013,13,2013-12-01 16:26:00,"DEN",35,535,2,"KC",28,452,1,7,7,63
2013,13,2013-12-01 20:31:00,"NYG",24,286,1,"WAS",17,323,1,7,7,41
2013,13,2013-12-02 20:41:00,"NO",7,188,1,"SEA",34,429,0,-27,27,41
2013,14,2013-12-05 20:29:00,"HOU",20,406,2,"JAC",27,281,0,-7,7,47
2013,14,2013-12-08 13:02:00,"ATL",21,285,2,"GB",22,334,2,-1,1,43
2013,14,2013-12-08 13:02:00,"BUF",6,214,5,"TB",27,246,2,-21,21,33
2013,14,2013-12-08 13:02:00,"CLE",26,494,0,"NE",27,484,2,-1,1,53
2013,14,2013-12-08 13:02:00,"DET",20,231,3,"PHI",34,478,1,-14,14,54
2013,14,2013-12-08 13:02:00,"IND",28,389,0,"CIN",42,430,0,-14,14,70
2013,14,2013-12-08 13:02:00,"MIA",34,367,1,"PIT",28,412,1,6,6,62
2013,14,2013-12-08 13:02:00,"LV",27,383,1,"NYJ",37,352,1,-10,10,64
2013,14,2013-12-08 13:03:00,"KC",45,346,1,"WAS",10,257,2,35,35,55
2013,14,2013-12-08 13:03:00,"MIN",26,379,1,"BAL",29,325,3,-3,3,55
2013,14,2013-12-08 16:05:00,"TEN",28,254,2,"DEN",51,551,0,-23,23,79
2013,14,2013-12-08 16:25:00,"NYG",14,333,3,"LAC",37,388,1,-23,23,51
2013,14,2013-12-08 16:25:00,"LAR",10,257,2,"ARI",30,369,1,-20,20,40
2013,14,2013-12-08 16:26:00,"SEA",17,264,1,"SF",19,318,1,-2,2,36
2013,14,2013-12-08 20:30:00,"CAR",13,239,0,"NO",31,373,0,-18,18,44
2013,14,2013-12-09 20:40:00,"DAL",28,328,0,"CHI",45,490,0,-17,17,73
2013,15,2013-12-12 20:29:00,"LAC",27,337,0,"DEN",20,295,1,7,7,47
2013,15,2013-12-15 13:02:00,"BUF",27,366,2,"JAC",20,354,4,7,7,47
2013,15,2013-12-15 13:02:00,"HOU",3,239,2,"IND",25,331,1,-22,22,28
2013,15,2013-12-15 13:02:00,"NE",20,453,1,"MIA",24,378,1,-4,4,44
2013,15,2013-12-15 13:02:00,"PHI",30,475,1,"MIN",48,455,1,-18,18,78
2013,15,2013-12-15 13:02:00,"SF",33,376,0,"TB",14,183,2,19,19,47
2013,15,2013-12-15 13:03:00,"CHI",38,440,3,"CLE",31,366,2,7,7,69
2013,15,2013-12-15 13:03:00,"SEA",23,327,1,"NYG",0,181,5,23,23,23
2013,15,2013-12-15 13:03:00,"WAS",26,476,7,"ATL",27,243,2,-1,1,53
2013,15,2013-12-15 16:05:00,"KC",56,384,1,"LV",31,461,7,25,25,87
2013,15,2013-12-15 16:05:00,"NYJ",20,297,1,"CAR",30,392,0,-10,10,50
2013,15,2013-12-15 16:25:00,"GB",37,433,1,"DAL",36,466,2,1,1,73
2013,15,2013-12-15 16:25:00,"NO",16,432,3,"LAR",27,302,0,-11,11,43
2013,15,2013-12-15 16:27:00,"ARI",37,360,0,"TEN",34,460,3,3,3,71
2013,15,2013-12-15 20:30:00,"CIN",20,279,1,"PIT",30,290,1,-10,10,50
2013,15,2013-12-16 20:40:00,"BAL",18,305,0,"DET",16,349,3,2,2,34
2013,16,2013-12-22 13:00:00,"TB",13,170,2,"LAR",23,277,2,-10,10,36
2013,16,2013-12-22 13:02:00,"CLE",13,283,2,"NYJ",24,422,0,-11,11,37
2013,16,2013-12-22 13:02:00,"DEN",37,511,0,"HOU",13,240,2,24,24,50
2013,16,2013-12-22 13:02:00,"IND",23,367,0,"KC",7,287,3,16,16,30
2013,16,2013-12-22 13:02:00,"MIA",0,103,2,"BUF",19,390,1,-19,19,19
2013,16,2013-12-22 13:02:00,"MIN",14,209,4,"CIN",42,426,1,-28,28,56
2013,16,2013-12-22 13:02:00,"TEN",20,346,1,"JAC",16,289,1,4,4,36
2013,16,2013-12-22 13:03:00,"DAL",24,309,2,"WAS",23,297,1,1,1,47
2013,16,2013-12-22 13:04:00,"NO",13,365,2,"CAR",17,222,1,-4,4,30
2013,16,2013-12-22 16:05:00,"NYG",23,279,2,"DET",20,355,3,3,3,43
2013,16,2013-12-22 16:06:00,"ARI",17,307,4,"SEA",10,192,2,7,7,27
2013,16,2013-12-22 16:25:00,"NE",41,300,0,"BAL",7,358,4,34,34,48
2013,16,2013-12-22 16:25:00,"LV",13,265,2,"LAC",26,344,3,-13,13,39
2013,16,2013-12-22 16:25:00,"PIT",38,343,2,"GB",31,370,2,7,7,69
2013,16,2013-12-22 20:30:00,"CHI",11,257,2,"PHI",54,514,1,-43,43,65
2013,16,2013-12-23 20:40:00,"ATL",24,402,2,"SF",34,379,0,-10,10,58
2013,17,2013-12-29 13:02:00,"BAL",17,222,3,"CIN",34,392,4,-17,17,51
2013,17,2013-12-29 13:02:00,"CLE",7,293,2,"PIT",20,292,2,-13,13,27
2013,17,2013-12-29 13:02:00,"HOU",10,288,4,"TEN",16,311,1,-6,6,26
2013,17,2013-12-29 13:02:00,"JAC",10,350,2,"IND",30,379,0,-20,20,40
2013,17,2013-12-29 13:02:00,"NYJ",20,374,0,"MIA",7,296,3,13,13,27
2013,17,2013-12-29 13:04:00,"WAS",6,251,4,"NYG",20,278,3,-14,14,26
2013,17,2013-12-29 13:05:00,"CAR",21,283,2,"ATL",20,307,1,1,1,41
2013,17,2013-12-29 13:05:00,"DET",13,245,0,"MIN",14,345,2,-1,1,27
2013,17,2013-12-29 16:25:00,"BUF",20,393,0,"NE",34,382,1,-14,14,54
2013,17,2013-12-29 16:25:00,"DEN",34,458,0,"LV",14,255,1,20,20,48
2013,17,2013-12-29 16:25:00,"GB",33,473,2,"CHI",28,345,2,5,5,61
2013,17,2013-12-29 16:25:00,"SF",23,375,0,"ARI",20,482,2,3,3,43
2013,17,2013-12-29 16:25:00,"TB",17,290,1,"NO",42,468,0,-25,25,59
2013,17,2013-12-29 16:26:00,"KC",24,332,0,"LAC",27,405,1,-3,3,51
2013,17,2013-12-29 16:26:00,"LAR",9,158,2,"SEA",27,269,0,-18,18,36
2013,17,2013-12-29 20:30:00,"PHI",24,366,1,"DAL",22,414,3,2,2,46
2013,101,2014-01-04 16:35:00,"KC",44,513,1,"IND",45,536,4,-1,1,89
2013,101,2014-01-04 20:14:00,"NO",26,434,2,"PHI",24,256,0,2,2,50
2013,101,2014-01-05 13:06:00,"LAC",27,318,0,"CIN",10,439,4,17,17,37
2013,101,2014-01-05 16:40:00,"SF",23,381,1,"GB",20,281,0,3,3,43
2013,102,2014-01-11 16:36:00,"NO",15,409,1,"SEA",23,277,0,-8,8,38
2013,102,2014-01-11 20:15:00,"IND",22,386,4,"NE",43,419,0,-21,21,65
2013,102,2014-01-12 13:05:00,"SF",23,315,0,"CAR",10,325,2,13,13,33
2013,102,2014-01-12 16:40:00,"LAC",17,259,0,"DEN",24,363,2,-7,7,41
2013,103,2014-01-19 15:06:00,"NE",16,320,0,"DEN",26,507,0,-10,10,42
2013,103,2014-01-19 18:42:00,"SF",17,308,3,"SEA",23,308,1,-6,6,40
2013,104,2014-02-02 18:32:00,"DEN",8,306,4,"SEA",43,341,0,-35,35,51
2014,1,2014-09-04 20:42:00,"GB",16,255,1,"SEA",36,398,1,-20,20,52
2014,1,2014-09-07 13:00:00,"BUF",23,360,1,"CHI",20,427,3,3,3,43
2014,1,2014-09-07 13:00:00,"MIN",34,355,0,"LAR",6,318,2,28,28,40
2014,1,2014-09-07 13:02:00,"CIN",23,380,0,"BAL",16,423,2,7,7,39
2014,1,2014-09-07 13:02:00,"CLE",27,389,0,"PIT",30,503,1,-3,3,57
2014,1,2014-09-07 13:02:00,"JAC",17,306,1,"PHI",34,420,3,-17,17,51
2014,1,2014-09-07 13:02:00,"LV",14,158,0,"NYJ",19,402,2,-5,5,33
2014,1,2014-09-07 13:02:00,"TEN",26,405,0,"KC",10,245,3,16,16,36
2014,1,2014-09-07 13:03:00,"NE",20,315,2,"MIA",33,360,3,-13,13,53
2014,1,2014-09-07 13:03:00,"NO",34,472,2,"ATL",37,568,1,-3,3,71
2014,1,2014-09-07 13:03:00,"WAS",6,372,2,"HOU",17,321,1,-11,11,23
2014,1,2014-09-07 16:25:00,"CAR",20,334,0,"TB",14,264,3,6,6,34
2014,1,2014-09-07 16:25:00,"SF",28,319,0,"DAL",17,382,4,11,11,45
2014,1,2014-09-07 20:30:00,"IND",24,408,2,"DEN",31,361,0,-7,7,55
2014,1,2014-09-08 19:11:00,"NYG",14,197,2,"DET",35,417,0,-21,21,49
2014,1,2014-09-08 21:20:00,"LAC",17,290,1,"ARI",18,403,2,-1,1,35
2014,2,2014-09-11 20:28:00,"PIT",6,301,3,"BAL",26,323,0,-20,20,32
2014,2,2014-09-14 13:02:00,"MIA",10,290,2,"BUF",29,315,0,-19,19,39
2014,2,2014-09-14 13:03:00,"DAL",26,368,1,"TEN",10,314,2,16,16,36
2014,2,2014-09-14 13:03:00,"NO",24,397,2,"CLE",26,324,0,-2,2,50
2014,2,2014-09-14 13:04:00,"ARI",25,266,0,"NYG",14,341,4,11,11,39
2014,2,2014-09-14 13:04:00,"DET",7,323,3,"CAR",24,313,0,-17,17,31
2014,2,2014-09-14 13:05:00,"ATL",10,309,3,"CIN",24,472,0,-14,14,34
2014,2,2014-09-14 13:05:00,"JAC",10,148,1,"WAS",41,449,0,-31,31,51
2014,2,2014-09-14 13:05:00,"NE",30,292,0,"MIN",7,217,4,23,23,37
2014,2,2014-09-14 16:05:00,"SEA",21,288,1,"LAC",30,377,0,-9,9,51
2014,2,2014-09-14 16:05:00,"LAR",19,339,1,"TB",17,332,1,2,2,36
2014,2,2014-09-14 16:25:00,"HOU",30,327,0,"LV",14,364,4,16,16,44
2014,2,2014-09-14 16:25:00,"KC",17,380,0,"DEN",24,325,0,-7,7,41
2014,2,2014-09-14 16:25:00,"NYJ",24,313,1,"GB",31,390,1,-7,7,55
2014,2,2014-09-14 20:31:00,"CHI",28,216,0,"SF",20,359,4,8,8,48
2014,2,2014-09-15 20:31:00,"PHI",30,458,1,"IND",27,341,2,3,3,57
2014,3,2014-09-18 20:26:00,"TB",14,217,5,"ATL",56,488,4,-42,42,70
2014,3,2014-09-21 13:00:00,"DAL",34,340,2,"LAR",31,448,3,3,3,65
2014,3,2014-09-21 13:02:00,"BAL",23,377,1,"CLE",21,375,0,2,2,44
2014,3,2014-09-21 13:02:00,"GB",7,223,1,"DET",19,353,3,-12,12,26
2014,3,2014-09-21 13:02:00,"HOU",17,411,3,"NYG",30,419,1,-13,13,47
2014,3,2014-09-21 13:02:00,"IND",44,529,0,"JAC",17,344,3,27,27,61
2014,3,2014-09-21 13:02:00,"LV",9,241,1,"NE",16,297,0,-7,7,25
2014,3,2014-09-21 13:02:00,"LAC",22,333,0,"BUF",10,292,0,12,12,32
2014,3,2014-09-21 13:02:00,"TEN",7,326,2,"CIN",33,300,1,-26,26,40
2014,3,2014-09-21 13:02:00,"WAS",34,511,1,"PHI",37,379,1,-3,3,71
2014,3,2014-09-21 13:03:00,"MIN",9,247,0,"NO",20,396,0,-11,11,29
2014,3,2014-09-21 16:05:00,"SF",14,318,0,"ARI",23,338,1,-9,9,37
2014,3,2014-09-21 16:25:00,"DEN",20,332,2,"SEA",26,384,1,-6,6,46
2014,3,2014-09-21 16:25:00,"KC",34,342,2,"MIA",15,332,0,19,19,49
2014,3,2014-09-21 20:31:00,"PIT",37,454,0,"CAR",19,349,2,18,18,56
2014,3,2014-09-22 20:30:00,"CHI",27,257,1,"NYJ",19,414,3,8,8,46
2014,4,2014-09-25 20:26:00,"NYG",45,449,1,"WAS",14,329,6,31,31,59
2014,4,2014-09-28 13:02:00,"BUF",17,316,2,"HOU",23,301,3,-6,6,40
2014,4,2014-09-28 13:02:00,"CAR",10,315,1,"BAL",38,454,0,-28,28,48
2014,4,2014-09-28 13:02:00,"DET",24,360,0,"NYJ",17,336,2,7,7,41
2014,4,2014-09-28 13:02:00,"GB",38,358,0,"CHI",17,496,2,21,21,55
2014,4,2014-09-28 13:03:00,"TB",27,350,1,"PIT",24,390,1,3,3,51
2014,4,2014-09-28 13:03:00,"TEN",17,261,3,"IND",41,498,1,-24,24,58
2014,4,2014-09-28 13:06:00,"MIA",38,435,3,"LV",14,317,4,24,24,52
2014,4,2014-09-28 16:05:00,"JAC",14,320,3,"LAC",33,407,0,-19,19,47
2014,4,2014-09-28 16:25:00,"ATL",28,411,2,"MIN",41,558,0,-13,13,69
2014,4,2014-09-28 16:25:00,"PHI",21,213,4,"SF",26,407,1,-5,5,47
2014,4,2014-09-28 20:31:00,"NO",17,438,3,"DAL",38,445,0,-21,21,55
2014,4,2014-09-29 20:31:00,"NE",14,290,3,"KC",41,443,0,-27,27,55
2014,5,2014-10-02 20:26:00,"MIN",10,299,3,"GB",42,320,1,-32,32,52
2014,5,2014-10-05 13:02:00,"CLE",29,460,1,"TEN",28,410,0,1,1,57
2014,5,2014-10-05 13:02:00,"PIT",17,372,1,"JAC",9,243,2,8,8,26
2014,5,2014-10-05 13:02:00,"LAR",28,466,3,"PHI",34,352,3,-6,6,62
2014,5,2014-10-05 13:03:00,"ATL",20,397,1,"NYG",30,317,2,-10,10,50
2014,5,2014-10-05 13:03:00,"BAL",13,287,3,"IND",20,432,4,-7,7,33
2014,5,2014-10-05 13:03:00,"BUF",17,343,1,"DET",14,273,2,3,3,31
2014,5,2014-10-05 13:03:00,"CHI",24,347,4,"CAR",31,322,3,-7,7,55
2014,5,2014-10-05 13:03:00,"HOU",17,330,1,"DAL",20,456,3,-3,3,37
2014,5,2014-10-05 13:03:00,"TB",31,314,1,"NO",37,511,3,-6,6,68
2014,5,2014-10-05 16:05:00,"ARI",20,215,0,"DEN",41,568,2,-21,21,61
2014,5,2014-10-05 16:25:00,"KC",17,265,1,"SF",22,357,0,-5,5,39
2014,5,2014-10-05 16:25:00,"NYJ",0,151,2,"LAC",31,439,1,-31,31,31
2014,5,2014-10-05 20:43:00,"CIN",17,320,3,"NE",43,505,0,-26,26,60
2014,5,2014-10-06 20:30:00,"SEA",27,403,0,"WAS",17,307,0,10,10,44
2014,6,2014-10-09 20:26:00,"IND",33,456,2,"HOU",28,332,2,5,5,61
2014,6,2014-10-12 13:02:00,"BAL",48,475,1,"TB",17,364,1,31,31,65
2014,6,2014-10-12 13:02:00,"DEN",31,359,0,"NYJ",17,204,2,14,14,48
2014,6,2014-10-12 13:02:00,"DET",17,255,0,"MIN",3,212,3,14,14,20
2014,6,2014-10-12 13:02:00,"GB",27,369,0,"MIA",24,349,3,3,3,51
2014,6,2014-10-12 13:02:00,"JAC",14,379,2,"TEN",16,290,0,-2,2,30
2014,6,2014-10-12 13:02:00,"NE",37,396,0,"BUF",22,336,3,15,15,59
2014,6,2014-10-12 13:02:00,"PIT",10,359,1,"CLE",31,368,1,-21,21,41
2014,6,2014-10-12 13:03:00,"CAR",37,431,1,"CIN",37,513,2,0,0,74
2014,6,2014-10-12 16:05:00,"LAC",31,423,0,"LV",28,396,1,3,3,59
2014,6,2014-10-12 16:25:00,"CHI",27,478,0,"ATL",13,287,1,14,14,40
2014,6,2014-10-12 16:25:00,"WAS",20,407,4,"ARI",30,317,0,-10,10,50
2014,6,2014-10-12 16:26:00,"DAL",30,401,2,"SEA",23,206,1,7,7,53
2014,6,2014-10-12 20:41:00,"NYG",0,254,1,"PHI",27,448,2,-27,27,27
2014,6,2014-10-13 20:30:00,"SF",31,432,1,"LAR",17,309,1,14,14,48
2014,7,2014-10-16 20:25:00,"NYJ",25,423,0,"NE",27,323,0,-2,2,52
2014,7,2014-10-19 13:00:00,"MIA",27,393,0,"CHI",14,224,3,13,13,41
2014,7,2014-10-19 13:00:00,"SEA",26,463,0,"LAR",28,275,0,-2,2,54
2014,7,2014-10-19 13:02:00,"ATL",7,254,1,"BAL",29,371,3,-22,22,36
2014,7,2014-10-19 13:02:00,"CAR",17,331,1,"GB",38,363,0,-21,21,55
2014,7,2014-10-19 13:02:00,"CIN",0,135,0,"IND",27,506,2,-27,27,27
2014,7,2014-10-19 13:02:00,"CLE",6,266,3,"JAC",24,336,3,-18,18,30
2014,7,2014-10-19 13:02:00,"MIN",16,276,2,"BUF",17,373,4,-1,1,33
2014,7,2014-10-19 13:02:00,"NO",23,408,2,"DET",24,344,2,-1,1,47
2014,7,2014-10-19 13:02:00,"TEN",17,236,2,"WAS",19,351,2,-2,2,36
2014,7,2014-10-19 16:05:00,"KC",23,365,0,"LAC",20,251,1,3,3,43
2014,7,2014-10-19 16:25:00,"ARI",24,365,1,"LV",13,220,0,11,11,37
2014,7,2014-10-19 16:25:00,"NYG",21,352,2,"DAL",31,423,1,-10,10,52
2014,7,2014-10-19 20:30:00,"SF",17,310,1,"DEN",42,419,0,-25,25,59
2014,7,2014-10-20 20:30:00,"HOU",23,393,3,"PIT",30,328,1,-7,7,53
2014,8,2014-10-23 20:26:00,"LAC",21,306,2,"DEN",35,425,0,-14,14,56
2014,8,2014-10-26 09:37:00,"DET",22,385,1,"ATL",21,291,1,1,1,43
2014,8,2014-10-26 13:02:00,"BAL",24,294,2,"CIN",27,350,2,-3,3,51
2014,8,2014-10-26 13:02:00,"BUF",43,280,0,"NYJ",23,312,6,20,20,66
2014,8,2014-10-26 13:02:00,"CHI",23,384,2,"NE",51,487,0,-28,28,74
2014,8,2014-10-26 13:02:00,"MIA",27,326,1,"JAC",13,377,3,14,14,40
2014,8,2014-10-26 13:03:00,"HOU",30,405,0,"TEN",16,326,2,14,14,46
2014,8,2014-10-26 13:03:00,"MIN",19,332,0,"TB",13,225,2,6,6,32
2014,8,2014-10-26 13:04:00,"SEA",13,310,2,"CAR",9,266,2,4,4,22
2014,8,2014-10-26 13:04:00,"LAR",7,200,1,"KC",34,355,1,-27,27,41
2014,8,2014-10-26 16:05:00,"PHI",20,521,3,"ARI",24,400,1,-4,4,44
2014,8,2014-10-26 16:25:00,"IND",34,448,2,"PIT",51,639,2,-17,17,85
2014,8,2014-10-26 16:25:00,"LV",13,387,3,"CLE",23,306,0,-10,10,36
2014,8,2014-10-26 20:30:00,"GB",23,491,3,"NO",44,495,1,-21,21,67
2014,8,2014-10-27 20:30:00,"WAS",20,409,1,"DAL",17,395,2,3,3,37
2014,9,2014-10-30 20:30:00,"NO",28,375,2,"CAR",10,231,2,18,18,38
2014,9,2014-11-02 13:02:00,"JAC",23,365,1,"CIN",33,423,2,-10,10,56
2014,9,2014-11-02 13:02:00,"LAC",0,178,4,"MIA",37,441,0,-37,37,37
2014,9,2014-11-02 13:02:00,"TB",17,365,2,"CLE",22,330,2,-5,5,39
2014,9,2014-11-02 13:03:00,"NYJ",10,364,0,"KC",24,309,0,-14,14,34
2014,9,2014-11-02 13:03:00,"PHI",31,483,4,"HOU",21,300,1,10,10,52
2014,9,2014-11-02 13:03:00,"WAS",26,347,1,"MIN",29,352,0,-3,3,55
2014,9,2014-11-02 13:04:00,"ARI",28,339,1,"DAL",17,266,2,11,11,45
2014,9,2014-11-02 16:05:00,"LAR",13,193,2,"SF",10,263,2,3,3,23
2014,9,2014-11-02 16:25:00,"DEN",21,472,2,"NE",43,398,1,-22,22,64
2014,9,2014-11-02 16:26:00,"LV",24,226,3,"SEA",30,326,0,-6,6,54
2014,9,2014-11-02 20:30:00,"BAL",23,332,2,"PIT",43,376,1,-20,20,66
2014,9,2014-11-03 20:31:00,"IND",40,443,0,"NYG",24,438,1,16,16,64
2014,10,2014-11-06 20:29:00,"CLE",24,368,1,"CIN",3,165,4,21,21,27
2014,10,2014-11-09 13:02:00,"KC",17,278,1,"BUF",13,364,3,4,4,30
2014,10,2014-11-09 13:02:00,"MIA",16,228,2,"DET",20,351,1,-4,4,36
2014,10,2014-11-09 13:02:00,"PIT",13,362,4,"NYJ",20,275,0,-7,7,33
2014,10,2014-11-09 13:03:00,"SF",27,330,1,"NO",24,423,3,3,3,51
2014,10,2014-11-09 13:03:00,"TEN",7,210,2,"BAL",21,312,0,-14,14,28
2014,10,2014-11-09 13:04:00,"ATL",27,322,0,"TB",17,373,3,10,10,44
2014,10,2014-11-09 13:06:00,"DAL",31,399,1,"JAC",17,333,3,14,14,48
2014,10,2014-11-09 16:05:00,"DEN",41,471,2,"LV",17,222,3,24,24,58
2014,10,2014-11-09 16:25:00,"LAR",14,244,3,"ARI",31,335,1,-17,17,45
2014,10,2014-11-09 16:26:00,"NYG",17,324,2,"SEA",38,510,3,-21,21,55
2014,10,2014-11-09 20:30:00,"CHI",14,311,3,"GB",55,451,1,-41,41,69
2014,10,2014-11-10 20:32:00,"CAR",21,317,5,"PHI",45,365,0,-24,24,66
2014,11,2014-11-13 20:26:00,"BUF",9,237,0,"MIA",22,330,2,-13,13,31
2014,11,2014-11-16 13:00:00,"DEN",7,397,2,"LAR",22,337,0,-15,15,29
2014,11,2014-11-16 13:02:00,"CIN",27,405,0,"NO",10,330,1,17,17,37
2014,11,2014-11-16 13:02:00,"MIN",13,243,1,"CHI",21,468,2,-8,8,34
2014,11,2014-11-16 13:03:00,"ATL",19,346,1,"CAR",17,391,2,2,2,36
2014,11,2014-11-16 13:03:00,"HOU",23,424,1,"CLE",7,375,2,16,16,30
2014,11,2014-11-16 13:03:00,"SF",16,333,1,"NYG",10,330,5,6,6,26
2014,11,2014-11-16 13:03:00,"TB",27,329,1,"WAS",7,322,3,20,20,34
2014,11,2014-11-16 13:04:00,"SEA",20,372,0,"KC",24,298,2,-4,4,44
2014,11,2014-11-16 16:05:00,"LV",6,233,1,"LAC",13,300,0,-7,7,19
2014,11,2014-11-16 16:25:00,"DET",6,262,1,"ARI",14,352,2,-8,8,20
2014,11,2014-11-16 16:25:00,"PHI",20,429,4,"GB",53,475,0,-33,33,73
2014,11,2014-11-16 20:31:00,"NE",42,503,2,"IND",20,322,1,22,22,62
2014,11,2014-11-17 20:30:00,"PIT",27,386,1,"TEN",24,312,1,3,3,51
2014,12,2014-11-20 20:26:00,"KC",20,313,0,"LV",24,351,1,-4,4,44
2014,12,2014-11-23 13:02:00,"CIN",22,372,1,"HOU",13,248,1,9,9,35
2014,12,2014-11-23 13:02:00,"CLE",26,475,3,"ATL",24,315,2,2,2,50
2014,12,2014-11-23 13:02:00,"DET",9,335,1,"NE",34,439,1,-25,25,43
2014,12,2014-11-23 13:02:00,"JAC",3,194,2,"IND",23,389,3,-20,20,26
2014,12,2014-11-23 13:02:00,"TB",13,367,4,"CHI",21,204,1,-8,8,34
2014,12,2014-11-23 13:02:00,"TEN",24,351,3,"PHI",43,462,2,-19,19,67
2014,12,2014-11-23 13:03:00,"GB",24,362,0,"MIN",21,308,1,3,3,45
2014,12,2014-11-23 16:05:00,"LAR",24,317,3,"LAC",27,410,3,-3,3,51
2014,12,2014-11-23 16:06:00,"ARI",3,204,1,"SEA",19,293,0,-16,16,22
2014,12,2014-11-23 16:25:00,"MIA",36,313,1,"DEN",39,450,1,-3,3,75
2014,12,2014-11-23 16:25:00,"WAS",13,213,1,"SF",17,312,3,-4,4,30
2014,12,2014-11-23 20:30:00,"DAL",31,385,1,"NYG",28,417,1,3,3,59
2014,12,2014-11-24 19:05:00,"NYJ",3,218,1,"BUF",38,336,0,-35,35,41
2014,12,2014-11-24 20:30:00,"BAL",34,449,1,"NO",27,525,1,7,7,61
2014,13,2014-11-27 12:39:00,"CHI",17,269,2,"DET",34,474,1,-17,17,51
2014,13,2014-11-27 16:36:00,"PHI",33,464,1,"DAL",10,267,3,23,23,43
2014,13,2014-11-27 20:31:00,"SEA",19,379,0,"SF",3,164,3,16,16,22
2014,13,2014-11-30 13:00:00,"LV",0,244,5,"LAR",52,348,0,-52,52,52
2014,13,2014-11-30 13:02:00,"CAR",13,348,1,"MIN",31,210,0,-18,18,44
2014,13,2014-11-30 13:02:00,"CIN",14,288,3,"TB",13,263,1,1,1,27
2014,13,2014-11-30 13:02:00,"CLE",10,315,3,"BUF",26,287,2,-16,16,36
2014,13,2014-11-30 13:02:00,"NO",35,393,0,"PIT",32,538,2,3,3,67
2014,13,2014-11-30 13:02:00,"LAC",34,440,2,"BAL",33,350,0,1,1,67
2014,13,2014-11-30 13:02:00,"TEN",21,320,4,"HOU",45,457,1,-24,24,66
2014,13,2014-11-30 13:02:00,"WAS",27,425,1,"IND",49,487,3,-22,22,76
2014,13,2014-11-30 13:03:00,"NYG",24,329,3,"JAC",25,258,0,-1,1,49
2014,13,2014-11-30 16:05:00,"ARI",18,329,3,"ATL",29,500,1,-11,11,47
2014,13,2014-11-30 16:25:00,"NE",21,320,0,"GB",26,478,0,-5,5,47
2014,13,2014-11-30 20:32:00,"DEN",29,388,1,"KC",16,151,3,13,13,45
2014,13,2014-12-01 20:30:00,"MIA",16,291,1,"NYJ",13,326,1,3,3,29
2014,14,2014-12-04 20:26:00,"DAL",41,397,0,"CHI",28,376,2,13,13,69
2014,14,2014-12-07 13:02:00,"BAL",28,447,1,"MIA",13,249,0,15,15,41
2014,14,2014-12-07 13:02:00,"NYJ",24,410,2,"MIN",30,411,2,-6,6,54
2014,14,2014-12-07 13:02:00,"PIT",42,543,0,"CIN",21,408,2,21,21,63
2014,14,2014-12-07 13:02:00,"TB",17,233,3,"DET",34,407,1,-17,17,51
2014,14,2014-12-07 13:03:00,"CAR",41,497,0,"NO",10,310,2,31,31,51
2014,14,2014-12-07 13:03:00,"HOU",27,304,0,"JAC",13,262,1,14,14,40
2014,14,2014-12-07 13:03:00,"IND",25,362,4,"CLE",24,248,2,1,1,49
2014,14,2014-12-07 13:03:00,"NYG",36,402,1,"TEN",7,207,3,29,29,43
2014,14,2014-12-07 13:03:00,"LAR",24,329,0,"WAS",0,206,2,24,24,24
2014,14,2014-12-07 16:05:00,"BUF",17,415,3,"DEN",24,306,3,-7,7,41
2014,14,2014-12-07 16:05:00,"KC",14,390,2,"ARI",17,366,0,-3,3,31
2014,14,2014-12-07 16:25:00,"SF",13,248,2,"LV",24,330,0,-11,11,37
2014,14,2014-12-07 16:25:00,"SEA",24,440,2,"PHI",14,139,2,10,10,38
2014,14,2014-12-07 20:30:00,"NE",23,397,2,"LAC",14,216,1,9,9,37
2014,14,2014-12-08 20:30:00,"ATL",37,465,1,"GB",43,502,0,-6,6,80
2014,15,2014-12-11 20:25:00,"ARI",12,274,0,"LAR",6,280,2,6,6,18
2014,15,2014-12-14 13:02:00,"CIN",30,347,1,"CLE",0,107,2,30,30,30
2014,15,2014-12-14 13:02:00,"GB",13,333,2,"BUF",21,253,1,-8,8,34
2014,15,2014-12-14 13:02:00,"HOU",10,289,2,"IND",17,278,2,-7,7,27
2014,15,2014-12-14 13:02:00,"JAC",12,248,1,"BAL",20,314,1,-8,8,32
2014,15,2014-12-14 13:02:00,"MIA",13,384,2,"NE",41,395,1,-28,28,54
2014,15,2014-12-14 13:02:00,"PIT",27,398,0,"ATL",20,407,1,7,7,47
2014,15,2014-12-14 13:02:00,"WAS",13,372,1,"NYG",24,287,1,-11,11,37
2014,15,2014-12-14 13:03:00,"LV",13,280,1,"KC",31,388,1,-18,18,44
2014,15,2014-12-14 13:03:00,"TB",17,287,3,"CAR",19,392,1,-2,2,36
2014,15,2014-12-14 16:05:00,"DEN",22,337,0,"LAC",10,288,2,12,12,32
2014,15,2014-12-14 16:05:00,"NYJ",16,277,0,"TEN",11,342,1,5,5,27
2014,15,2014-12-14 16:25:00,"MIN",14,360,2,"DET",16,233,0,-2,2,30
2014,15,2014-12-14 16:26:00,"SF",7,245,0,"SEA",17,290,1,-10,10,24
2014,15,2014-12-14 20:35:00,"DAL",38,364,1,"PHI",27,294,3,11,11,65
2014,15,2014-12-15 20:30:00,"NO",31,443,1,"CHI",15,278,3,16,16,46
2014,16,2014-12-18 20:26:00,"TEN",13,357,0,"JAC",21,288,0,-8,8,34
2014,16,2014-12-20 16:30:00,"PHI",24,495,2,"WAS",27,305,2,-3,3,51
2014,16,2014-12-20 20:26:00,"LAC",38,446,3,"SF",35,447,3,3,3,73
2014,16,2014-12-21 13:02:00,"BAL",13,211,3,"HOU",25,313,1,-12,12,38
2014,16,2014-12-21 13:02:00,"KC",12,327,1,"PIT",20,282,0,-8,8,32
2014,16,2014-12-21 13:02:00,"NE",17,231,1,"NYJ",16,307,1,1,1,33
2014,16,2014-12-21 13:03:00,"ATL",30,403,0,"NO",14,328,4,16,16,44
2014,16,2014-12-21 13:03:00,"DET",20,367,3,"CHI",14,234,1,6,6,34
2014,16,2014-12-21 13:03:00,"GB",20,431,1,"TB",3,109,1,17,17,23
2014,16,2014-12-21 13:03:00,"MIN",35,357,1,"MIA",37,493,2,-2,2,72
2014,16,2014-12-21 13:04:00,"CLE",13,228,1,"CAR",17,404,2,-4,4,30
2014,16,2014-12-21 16:05:00,"NYG",37,514,0,"LAR",27,387,3,10,10,64
2014,16,2014-12-21 16:25:00,"BUF",24,321,2,"LV",26,347,0,-2,2,50
2014,16,2014-12-21 16:26:00,"IND",7,229,3,"DAL",42,377,1,-35,35,49
2014,16,2014-12-21 20:30:00,"SEA",35,596,0,"ARI",6,216,1,29,29,41
2014,16,2014-12-22 20:30:00,"DEN",28,385,4,"CIN",37,353,2,-9,9,65
2014,17,2014-12-28 13:02:00,"BUF",17,268,1,"NE",9,260,0,8,8,26
2014,17,2014-12-28 13:02:00,"CHI",9,264,0,"MIN",13,311,1,-4,4,22
2014,17,2014-12-28 13:02:00,"CLE",10,259,2,"BAL",20,419,0,-10,10,30
2014,17,2014-12-28 13:02:00,"IND",27,378,0,"TEN",10,192,1,17,17,37
2014,17,2014-12-28 13:02:00,"NYJ",37,494,1,"MIA",24,387,1,13,13,61
2014,17,2014-12-28 13:02:00,"PHI",34,426,1,"NYG",26,505,1,8,8,60
2014,17,2014-12-28 13:03:00,"JAC",17,233,0,"HOU",23,358,2,-6,6,40
2014,17,2014-12-28 13:03:00,"NO",23,338,3,"TB",20,280,1,3,3,43
2014,17,2014-12-28 13:03:00,"LAC",7,361,3,"KC",19,251,0,-12,12,26
2014,17,2014-12-28 13:05:00,"DAL",44,473,1,"WAS",17,413,4,27,27,61
2014,17,2014-12-28 16:25:00,"ARI",17,397,3,"SF",20,395,0,-3,3,37
2014,17,2014-12-28 16:25:00,"CAR",34,306,0,"ATL",3,288,3,31,31,37
2014,17,2014-12-28 16:25:00,"DET",20,313,1,"GB",30,377,2,-10,10,50
2014,17,2014-12-28 16:25:00,"LV",14,199,2,"DEN",47,451,1,-33,33,61
2014,17,2014-12-28 16:27:00,"LAR",6,245,3,"SEA",20,354,2,-14,14,26
2014,17,2014-12-28 20:30:00,"CIN",17,337,3,"PIT",27,346,3,-10,10,44
2014,101,2015-01-03 16:20:00,"ARI",16,78,3,"CAR",27,386,3,-11,11,43
2014,101,2015-01-03 20:15:00,"BAL",30,299,1,"PIT",17,387,3,13,13,47
2014,101,2015-01-04 13:05:00,"CIN",10,254,1,"IND",26,482,1,-16,16,36
2014,101,2015-01-04 16:41:00,"DET",20,397,3,"DAL",24,315,1,-4,4,44
2014,102,2015-01-10 16:35:00,"BAL",31,428,2,"NE",35,422,1,-4,4,66
2014,102,2015-01-10 20:21:00,"CAR",17,362,3,"SEA",31,348,0,-14,14,48
2014,102,2015-01-11 13:05:00,"DAL",21,315,1,"GB",26,416,1,-5,5,47
2014,102,2015-01-11 16:40:00,"IND",24,364,2,"DEN",13,288,1,11,11,37
2014,103,2015-01-18 15:06:00,"GB",22,306,2,"SEA",28,397,5,-6,6,50
2014,103,2015-01-18 18:50:00,"IND",7,209,3,"NE",45,397,1,-38,38,52
2014,104,2015-02-01 18:30:00,"SEA",24,396,1,"NE",28,377,2,-4,4,52
2015,1,2015-09-10 20:40:00,"PIT",21,464,1,"NE",28,361,0,-7,7,49
2015,1,2015-09-13 13:00:00,"GB",31,322,0,"CHI",23,402,1,8,8,54
2015,1,2015-09-13 13:00:00,"SEA",31,343,1,"LAR",34,352,3,-3,3,65
2015,1,2015-09-13 13:02:00,"KC",27,330,0,"HOU",20,396,2,7,7,47
2015,1,2015-09-13 13:02:00,"MIA",17,256,1,"WAS",10,349,2,7,7,27
2015,1,2015-09-13 13:03:00,"CAR",20,263,1,"JAC",9,265,3,11,11,29
2015,1,2015-09-13 13:03:00,"IND",14,304,3,"BUF",27,342,0,-13,13,41
2015,1,2015-09-13 13:04:00,"CLE",10,321,5,"NYJ",31,333,1,-21,21,41
2015,1,2015-09-13 16:05:00,"DET",28,302,2,"LAC",33,483,3,-5,5,61
2015,1,2015-09-13 16:05:00,"NO",19,408,1,"ARI",31,427,1,-12,12,50
2015,1,2015-09-13 16:25:00,"BAL",13,173,2,"DEN",19,219,1,-6,6,32
2015,1,2015-09-13 16:25:00,"CIN",33,396,0,"LV",13,246,2,20,20,46
2015,1,2015-09-13 16:25:00,"TEN",42,309,1,"TB",14,273,2,28,28,56
2015,1,2015-09-13 20:31:00,"NYG",26,288,0,"DAL",27,436,3,-1,1,53
2015,1,2015-09-14 19:10:00,"PHI",24,399,2,"ATL",26,395,2,-2,2,50
2015,1,2015-09-14 22:20:00,"MIN",3,248,1,"SF",20,395,1,-17,17,23
2015,2,2015-09-17 20:29:00,"DEN",31,299,1,"KC",24,314,5,7,7,55
2015,2,2015-09-20 13:00:00,"ARI",48,300,2,"CHI",23,335,2,25,25,71
2015,2,2015-09-20 13:02:00,"ATL",24,402,0,"NYG",20,388,1,4,4,44
2015,2,2015-09-20 13:02:00,"HOU",17,300,1,"CAR",24,350,1,-7,7,41
2015,2,2015-09-20 13:02:00,"NE",40,507,2,"BUF",32,349,3,8,8,72
2015,2,2015-09-20 13:02:00,"SF",18,409,1,"PIT",43,453,0,-25,25,61
2015,2,2015-09-20 13:02:00,"TB",26,333,2,"NO",19,323,3,7,7,45
2015,2,2015-09-20 13:02:00,"TEN",14,385,3,"CLE",28,274,0,-14,14,42
2015,2,2015-09-20 13:03:00,"DET",16,323,3,"MIN",26,350,1,-10,10,42
2015,2,2015-09-20 13:03:00,"LAC",19,354,3,"CIN",24,389,2,-5,5,43
2015,2,2015-09-20 13:03:00,"LAR",10,213,0,"WAS",24,373,1,-14,14,34
2015,2,2015-09-20 16:05:00,"BAL",33,493,2,"LV",37,448,1,-4,4,70
2015,2,2015-09-20 16:05:00,"MIA",20,386,0,"JAC",23,396,0,-3,3,43
2015,2,2015-09-20 16:25:00,"DAL",20,359,2,"PHI",10,226,3,10,10,30
2015,2,2015-09-20 20:25:00,"SEA",17,324,2,"GB",27,361,1,-10,10,44
2015,2,2015-09-21 20:30:00,"NYJ",20,344,1,"IND",7,343,5,13,13,27
2015,3,2015-09-24 20:26:00,"WAS",21,393,3,"NYG",32,363,0,-11,11,53
2015,3,2015-09-27 13:00:00,"PIT",12,259,1,"LAR",6,258,1,6,6,18
2015,3,2015-09-27 13:02:00,"CIN",28,458,2,"BAL",24,398,1,4,4,52
2015,3,2015-09-27 13:02:00,"LV",27,469,1,"CLE",20,355,2,7,7,47
2015,3,2015-09-27 13:02:00,"LAC",14,369,2,"MIN",31,284,1,-17,17,45
2015,3,2015-09-27 13:03:00,"ATL",39,438,0,"DAL",28,347,1,11,11,67
2015,3,2015-09-27 13:03:00,"IND",35,378,2,"TEN",33,433,2,2,2,68
2015,3,2015-09-27 13:03:00,"NO",22,380,2,"CAR",27,431,0,-5,5,49
2015,3,2015-09-27 13:03:00,"PHI",24,231,1,"NYJ",17,323,4,7,7,41
2015,3,2015-09-27 13:03:00,"TB",9,318,1,"HOU",19,413,1,-10,10,28
2015,3,2015-09-27 13:06:00,"JAC",17,293,1,"NE",51,471,0,-34,34,68
2015,3,2015-09-27 16:05:00,"SF",7,156,4,"ARI",47,446,1,-40,40,54
2015,3,2015-09-27 16:25:00,"BUF",41,428,0,"MIA",14,391,3,27,27,55
2015,3,2015-09-27 16:26:00,"CHI",0,146,0,"SEA",26,371,0,-26,26,26
2015,3,2015-09-27 20:30:00,"DEN",24,354,2,"DET",12,290,3,12,12,36
2015,3,2015-09-28 20:30:00,"KC",28,326,1,"GB",38,448,0,-10,10,66
2015,4,2015-10-01 20:26:00,"BAL",23,356,2,"PIT",20,263,0,3,3,43
2015,4,2015-10-04 09:37:00,"NYJ",27,425,1,"MIA",14,226,2,13,13,41
2015,4,2015-10-04 13:02:00,"HOU",21,428,4,"ATL",48,378,0,-27,27,69
2015,4,2015-10-04 13:02:00,"JAC",13,431,0,"IND",16,326,2,-3,3,29
2015,4,2015-10-04 13:02:00,"NYG",24,303,1,"BUF",10,313,2,14,14,34
2015,4,2015-10-04 13:02:00,"LV",20,266,2,"CHI",22,371,3,-2,2,42
2015,4,2015-10-04 13:03:00,"CAR",37,244,1,"TB",23,411,5,14,14,60
2015,4,2015-10-04 13:03:00,"KC",21,461,1,"CIN",36,445,0,-15,15,57
2015,4,2015-10-04 13:03:00,"PHI",20,320,2,"WAS",23,417,1,-3,3,43
2015,4,2015-10-04 16:05:00,"CLE",27,432,1,"LAC",30,438,0,-3,3,57
2015,4,2015-10-04 16:25:00,"GB",17,362,0,"SF",3,196,1,14,14,20
2015,4,2015-10-04 16:25:00,"MIN",20,325,1,"DEN",23,344,2,-3,3,43
2015,4,2015-10-04 16:25:00,"LAR",24,328,0,"ARI",22,447,3,2,2,46
2015,4,2015-10-04 20:30:00,"DAL",20,335,0,"NO",26,438,0,-6,6,46
2015,4,2015-10-05 20:31:00,"DET",10,256,1,"SEA",13,345,3,-3,3,23
2015,5,2015-10-08 20:26:00,"IND",27,323,0,"HOU",20,444,2,7,7,47
2015,5,2015-10-11 13:02:00,"CHI",18,328,1,"KC",17,287,0,1,1,35
2015,5,2015-10-11 13:02:00,"CLE",33,505,0,"BAL",30,377,0,3,3,63
2015,5,2015-10-11 13:02:00,"JAC",31,325,2,"TB",38,369,0,-7,7,69
2015,5,2015-10-11 13:02:00,"LAR",10,334,4,"GB",24,322,3,-14,14,34
2015,5,2015-10-11 13:02:00,"WAS",19,270,2,"ATL",25,418,3,-6,6,44
2015,5,2015-10-11 13:03:00,"BUF",14,209,1,"TEN",13,276,1,1,1,27
2015,5,2015-10-11 13:03:00,"SEA",24,397,1,"CIN",27,419,2,-3,3,51
2015,5,2015-10-11 13:04:00,"NO",17,388,4,"PHI",39,519,2,-22,22,56
2015,5,2015-10-11 16:05:00,"ARI",42,345,0,"DET",17,435,6,25,25,59
2015,5,2015-10-11 16:25:00,"DEN",16,297,2,"LV",10,288,3,6,6,26
2015,5,2015-10-11 16:25:00,"NE",30,356,0,"DAL",6,265,2,24,24,36
2015,5,2015-10-11 20:31:00,"SF",27,380,0,"NYG",30,525,1,-3,3,57
2015,5,2015-10-12 20:30:00,"PIT",24,349,1,"LAC",20,406,2,4,4,44
2015,6,2015-10-15 20:26:00,"ATL",21,413,3,"NO",31,385,0,-10,10,52
2015,6,2015-10-18 13:02:00,"CHI",34,444,1,"DET",37,546,3,-3,3,71
2015,6,2015-10-18 13:02:00,"CIN",34,355,0,"BUF",21,368,1,13,13,55
2015,6,2015-10-18 13:02:00,"DEN",26,442,3,"CLE",23,298,3,3,3,49
2015,6,2015-10-18 13:02:00,"HOU",31,382,0,"JAC",20,394,3,11,11,51
2015,6,2015-10-18 13:02:00,"KC",10,328,1,"MIN",16,321,2,-6,6,26
2015,6,2015-10-18 13:02:00,"WAS",20,225,2,"NYJ",34,474,3,-14,14,54
2015,6,2015-10-18 13:03:00,"MIA",38,434,2,"TEN",10,299,4,28,28,48
2015,6,2015-10-18 13:04:00,"ARI",13,469,3,"PIT",25,310,0,-12,12,38
2015,6,2015-10-18 16:06:00,"CAR",27,383,2,"SEA",23,334,0,4,4,50
2015,6,2015-10-18 16:25:00,"BAL",20,420,2,"SF",25,391,0,-5,5,45
2015,6,2015-10-18 16:25:00,"LAC",20,548,1,"GB",27,370,0,-7,7,47
2015,6,2015-10-18 20:30:00,"NE",34,417,1,"IND",27,409,0,7,7,61
2015,6,2015-10-19 20:30:00,"NYG",7,247,3,"PHI",27,428,4,-20,20,34
2015,7,2015-10-22 20:26:00,"SEA",20,388,2,"SF",3,142,0,17,17,23
2015,7,2015-10-25 08:35:00,"BUF",31,375,4,"JAC",34,295,1,-3,3,65
2015,7,2015-10-25 13:00:00,"CLE",6,364,4,"LAR",24,308,1,-18,18,30
2015,7,2015-10-25 13:02:00,"ATL",10,378,2,"TEN",7,256,2,3,3,17
2015,7,2015-10-25 13:02:00,"HOU",26,322,1,"MIA",44,503,1,-18,18,70
2015,7,2015-10-25 13:02:00,"MIN",28,425,1,"DET",19,274,0,9,9,47
2015,7,2015-10-25 13:02:00,"NYJ",23,372,1,"NE",30,353,0,-7,7,53
2015,7,2015-10-25 13:03:00,"NO",27,449,1,"IND",21,376,3,6,6,48
2015,7,2015-10-25 13:03:00,"PIT",13,339,3,"KC",23,377,0,-10,10,36
2015,7,2015-10-25 13:04:00,"TB",30,479,1,"WAS",31,355,1,-1,1,61
2015,7,2015-10-25 16:05:00,"LV",37,412,0,"LAC",29,417,2,8,8,66
2015,7,2015-10-25 16:25:00,"DAL",20,460,4,"NYG",27,289,0,-7,7,47
2015,7,2015-10-25 20:31:00,"PHI",16,349,1,"CAR",27,394,3,-11,11,43
2015,7,2015-10-26 20:30:00,"BAL",18,276,2,"ARI",26,414,0,-8,8,44
2015,8,2015-10-29 20:26:00,"MIA",7,270,2,"NE",36,437,0,-29,29,43
2015,8,2015-11-01 09:36:00,"DET",10,276,2,"KC",45,340,0,-35,35,55
2015,8,2015-11-01 13:00:00,"MIN",23,327,1,"CHI",20,305,0,3,3,43
2015,8,2015-11-01 13:00:00,"SF",6,189,0,"LAR",27,388,1,-21,21,33
2015,8,2015-11-01 13:02:00,"ARI",34,491,4,"CLE",20,254,2,14,14,54
2015,8,2015-11-01 13:02:00,"CIN",16,296,2,"PIT",10,356,3,6,6,26
2015,8,2015-11-01 13:02:00,"NYG",49,416,1,"NO",52,608,2,-3,3,101
2015,8,2015-11-01 13:02:00,"LAC",26,371,0,"BAL",29,365,0,-3,3,55
2015,8,2015-11-01 13:02:00,"TB",23,290,0,"ATL",20,496,4,3,3,43
2015,8,2015-11-01 13:02:00,"TEN",6,211,3,"HOU",20,270,0,-14,14,26
2015,8,2015-11-01 16:05:00,"NYJ",20,366,1,"LV",34,451,0,-14,14,54
2015,8,2015-11-01 16:25:00,"SEA",13,323,1,"DAL",12,220,0,1,1,25
2015,8,2015-11-01 20:30:00,"GB",10,140,0,"DEN",29,500,1,-19,19,39
2015,8,2015-11-02 20:30:00,"IND",26,359,4,"CAR",29,379,3,-3,3,55
2015,9,2015-11-05 20:25:00,"CLE",10,213,0,"CIN",31,371,0,-21,21,41
2015,9,2015-11-08 13:02:00,"JAC",23,436,4,"NYJ",28,290,0,-5,5,51
2015,9,2015-11-08 13:02:00,"MIA",17,397,1,"BUF",33,420,0,-16,16,50
2015,9,2015-11-08 13:02:00,"LV",35,440,4,"PIT",38,597,2,-3,3,73
2015,9,2015-11-08 13:02:00,"LAR",18,320,0,"MIN",21,293,1,-3,3,39
2015,9,2015-11-08 13:02:00,"TEN",34,483,1,"NO",28,416,2,6,6,62
2015,9,2015-11-08 13:02:00,"WAS",10,250,2,"NE",27,460,2,-17,17,37
2015,9,2015-11-08 13:04:00,"GB",29,402,2,"CAR",37,427,1,-8,8,66
2015,9,2015-11-08 16:05:00,"ATL",16,302,0,"SF",17,318,2,-1,1,33
2015,9,2015-11-08 16:05:00,"NYG",32,327,2,"TB",18,383,3,14,14,50
2015,9,2015-11-08 16:25:00,"DEN",24,309,2,"IND",27,365,0,-3,3,51
2015,9,2015-11-08 20:31:00,"PHI",33,459,0,"DAL",27,411,1,6,6,60
2015,9,2015-11-09 20:30:00,"CHI",22,446,2,"LAC",19,339,1,3,3,41
2015,10,2015-11-12 20:26:00,"BUF",22,280,0,"NYJ",17,318,4,5,5,39
2015,10,2015-11-15 13:00:00,"CHI",37,397,2,"LAR",13,285,2,24,24,50
2015,10,2015-11-15 13:03:00,"CAR",27,303,0,"TEN",10,242,2,17,17,37
2015,10,2015-11-15 13:04:00,"CLE",9,342,3,"PIT",30,459,2,-21,21,39
2015,10,2015-11-15 13:04:00,"DET",18,287,1,"GB",16,372,0,2,2,34
2015,10,2015-11-15 13:05:00,"DAL",6,216,1,"TB",10,330,2,-4,4,16
2015,10,2015-11-15 13:05:00,"JAC",22,258,1,"BAL",20,397,4,2,2,42
2015,10,2015-11-15 13:05:00,"MIA",20,289,0,"PHI",19,436,1,1,1,39
2015,10,2015-11-15 13:05:00,"NO",14,350,2,"WAS",47,510,0,-33,33,61
2015,10,2015-11-15 16:05:00,"MIN",30,385,0,"LV",14,371,2,16,16,44
2015,10,2015-11-15 16:30:00,"KC",29,303,0,"DEN",13,221,5,16,16,42
2015,10,2015-11-15 16:31:00,"NE",27,406,2,"NYG",26,422,1,1,1,53
2015,10,2015-11-15 20:35:00,"ARI",39,451,3,"SEA",32,343,1,7,7,71
2015,10,2015-11-16 20:30:00,"HOU",10,256,1,"CIN",6,256,2,4,4,16
2015,11,2015-11-19 20:26:00,"TEN",13,316,1,"JAC",19,308,2,-6,6,32
2015,11,2015-11-22 13:02:00,"DEN",17,389,0,"CHI",15,347,2,2,2,32
2015,11,2015-11-22 13:02:00,"IND",24,276,3,"ATL",21,375,4,3,3,45
2015,11,2015-11-22 13:02:00,"LV",13,216,0,"DET",18,375,0,-5,5,31
2015,11,2015-11-22 13:02:00,"LAR",13,213,4,"BAL",16,388,2,-3,3,29
2015,11,2015-11-22 13:02:00,"TB",45,521,1,"PHI",17,383,4,28,28,62
2015,11,2015-11-22 13:02:00,"WAS",16,186,5,"CAR",44,368,0,-28,28,60
2015,11,2015-11-22 13:03:00,"DAL",24,386,2,"MIA",14,210,1,10,10,38
2015,11,2015-11-22 13:03:00,"NYJ",17,267,2,"HOU",24,364,1,-7,7,41
2015,11,2015-11-22 16:05:00,"KC",33,385,0,"LAC",3,201,2,30,30,36
2015,11,2015-11-22 16:25:00,"GB",30,320,0,"MIN",13,342,1,17,17,43
2015,11,2015-11-22 16:27:00,"SF",13,306,0,"SEA",29,508,0,-16,16,42
2015,11,2015-11-22 20:30:00,"CIN",31,377,1,"ARI",34,383,2,-3,3,65
2015,11,2015-11-23 20:30:00,"BUF",13,319,1,"NE",20,356,1,-7,7,33
2015,12,2015-11-26 12:35:00,"PHI",14,227,1,"DET",45,430,0,-31,31,59
2015,12,2015-11-26 16:31:00,"CAR",33,294,0,"DAL",14,210,3,19,19,47
2015,12,2015-11-26 20:30:00,"CHI",17,290,0,"GB",13,365,2,4,4,30
2015,12,2015-11-29 13:02:00,"MIA",20,333,2,"NYJ",38,411,0,-18,18,58
2015,12,2015-11-29 13:02:00,"MIN",20,365,1,"ATL",10,326,3,10,10,30
2015,12,2015-11-29 13:02:00,"NO",6,268,1,"HOU",24,362,1,-18,18,30
2015,12,2015-11-29 13:02:00,"LV",24,407,2,"TEN",21,249,2,3,3,45
2015,12,2015-11-29 13:02:00,"LAR",7,345,3,"CIN",31,376,1,-24,24,38
2015,12,2015-11-29 13:02:00,"TB",12,344,1,"IND",25,336,0,-13,13,37
2015,12,2015-11-29 13:03:00,"BUF",22,415,2,"KC",30,413,0,-8,8,52
2015,12,2015-11-29 13:03:00,"NYG",14,332,3,"WAS",20,407,0,-6,6,34
2015,12,2015-11-29 13:03:00,"LAC",31,369,0,"JAC",25,420,1,6,6,56
2015,12,2015-11-29 16:05:00,"ARI",19,337,0,"SF",13,368,2,6,6,32
2015,12,2015-11-29 16:26:00,"PIT",30,538,4,"SEA",39,436,0,-9,9,69
2015,12,2015-11-29 20:30:00,"NE",24,301,1,"DEN",30,433,1,-6,6,54
2015,12,2015-11-30 20:30:00,"BAL",33,336,2,"CLE",27,338,0,6,6,60
2015,13,2015-12-03 20:26:00,"GB",27,313,1,"DET",23,306,1,4,4,50
2015,13,2015-12-06 13:00:00,"ARI",27,524,0,"LAR",3,212,1,24,24,30
2015,13,2015-12-06 13:02:00,"HOU",21,401,1,"BUF",30,390,0,-9,9,51
2015,13,2015-12-06 13:02:00,"JAC",39,383,1,"TEN",42,467,2,-3,3,81
2015,13,2015-12-06 13:02:00,"SF",26,291,0,"CHI",20,364,1,6,6,46
2015,13,2015-12-06 13:02:00,"SEA",38,433,1,"MIN",7,125,1,31,31,45
2015,13,2015-12-06 13:03:00,"ATL",19,319,1,"TB",23,388,2,-4,4,42
2015,13,2015-12-06 13:03:00,"BAL",13,375,2,"MIA",15,219,1,-2,2,28
2015,13,2015-12-06 13:03:00,"CIN",37,377,0,"CLE",3,273,2,34,34,40
2015,13,2015-12-06 13:03:00,"NYJ",23,463,1,"NYG",20,355,1,3,3,43
2015,13,2015-12-06 16:05:00,"DEN",17,293,1,"LAC",3,272,3,14,14,20
2015,13,2015-12-06 16:05:00,"KC",34,232,2,"LV",20,361,3,14,14,54
2015,13,2015-12-06 16:25:00,"CAR",41,497,3,"NO",38,334,1,3,3,79
2015,13,2015-12-06 16:25:00,"PHI",35,248,1,"NE",28,427,2,7,7,63
2015,13,2015-12-06 20:30:00,"IND",10,240,3,"PIT",45,522,2,-35,35,55
2015,13,2015-12-07 20:31:00,"DAL",19,318,3,"WAS",16,266,1,3,3,35
2015,14,2015-12-10 20:25:00,"MIN",20,389,3,"ARI",23,393,0,-3,3,43
2015,14,2015-12-13 13:01:00,"BUF",20,412,2,"PHI",23,348,1,-3,3,43
2015,14,2015-12-13 13:02:00,"DET",14,331,1,"LAR",21,317,2,-7,7,35
2015,14,2015-12-13 13:02:00,"IND",16,322,2,"JAC",51,380,2,-35,35,67
2015,14,2015-12-13 13:02:00,"NO",24,388,0,"TB",17,291,0,7,7,41
2015,14,2015-12-13 13:02:00,"PIT",33,354,1,"CIN",20,385,3,13,13,53
2015,14,2015-12-13 13:02:00,"SF",10,221,0,"CLE",24,481,2,-14,14,34
2015,14,2015-12-13 13:02:00,"SEA",35,424,1,"BAL",6,302,2,29,29,41
2015,14,2015-12-13 13:02:00,"TEN",8,292,1,"NYJ",30,439,0,-22,22,38
2015,14,2015-12-13 13:02:00,"WAS",24,374,1,"CHI",21,377,1,3,3,45
2015,14,2015-12-13 13:03:00,"ATL",0,230,4,"CAR",38,424,0,-38,38,38
2015,14,2015-12-13 13:03:00,"LAC",3,280,1,"KC",10,329,2,-7,7,13
2015,14,2015-12-13 16:05:00,"LV",15,126,0,"DEN",12,310,2,3,3,27
2015,14,2015-12-13 16:25:00,"DAL",7,270,1,"GB",28,435,0,-21,21,35
2015,14,2015-12-13 20:31:00,"NE",27,313,1,"HOU",6,189,1,21,21,33
2015,14,2015-12-14 20:30:00,"NYG",31,429,1,"MIA",24,363,1,7,7,55
2015,15,2015-12-17 20:25:00,"TB",23,509,2,"LAR",31,319,0,-8,8,54
2015,15,2015-12-19 20:26:00,"NYJ",19,372,1,"DAL",16,309,4,3,3,35
2015,15,2015-12-20 13:02:00,"ATL",23,328,1,"JAC",17,370,1,6,6,40
2015,15,2015-12-20 13:02:00,"CAR",38,480,1,"NYG",35,406,2,3,3,73
2015,15,2015-12-20 13:02:00,"CHI",17,293,2,"MIN",38,350,0,-21,21,55
2015,15,2015-12-20 13:02:00,"HOU",16,305,2,"IND",10,190,2,6,6,26
2015,15,2015-12-20 13:02:00,"KC",34,277,0,"BAL",14,366,3,20,20,48
2015,15,2015-12-20 13:02:00,"TEN",16,282,3,"NE",33,346,1,-17,17,49
2015,15,2015-12-20 13:03:00,"BUF",25,452,0,"WAS",35,431,1,-10,10,60
2015,15,2015-12-20 16:05:00,"GB",30,293,2,"LV",20,372,2,10,10,50
2015,15,2015-12-20 16:06:00,"CLE",13,230,1,"SEA",30,423,0,-17,17,43
2015,15,2015-12-20 16:25:00,"CIN",24,242,1,"SF",14,318,4,10,10,38
2015,15,2015-12-20 16:25:00,"DEN",27,385,2,"PIT",34,377,2,-7,7,61
2015,15,2015-12-20 16:25:00,"MIA",14,231,1,"LAC",30,442,2,-16,16,44
2015,15,2015-12-20 20:31:00,"ARI",40,493,0,"PHI",17,424,4,23,23,57
2015,15,2015-12-21 20:30:00,"DET",35,396,1,"NO",27,399,0,8,8,62
2015,16,2015-12-24 20:26:00,"LAC",20,343,1,"LV",23,281,1,-3,3,43
2015,16,2015-12-26 20:26:00,"WAS",38,418,0,"PHI",24,398,2,14,14,62
2015,16,2015-12-27 13:02:00,"CAR",13,268,1,"ATL",20,373,1,-7,7,33
2015,16,2015-12-27 13:02:00,"DAL",6,307,2,"BUF",16,408,2,-10,10,22
2015,16,2015-12-27 13:02:00,"HOU",34,330,1,"TEN",6,257,4,28,28,40
2015,16,2015-12-27 13:02:00,"IND",18,268,0,"MIA",12,361,1,6,6,30
2015,16,2015-12-27 13:02:00,"NE",20,284,1,"NYJ",26,428,1,-6,6,46
2015,16,2015-12-27 13:02:00,"PIT",17,308,3,"BAL",20,386,0,-3,3,37
2015,16,2015-12-27 13:03:00,"CHI",26,327,0,"TB",21,389,3,5,5,47
2015,16,2015-12-27 13:03:00,"CLE",13,368,1,"KC",17,258,1,-4,4,30
2015,16,2015-12-27 13:03:00,"SF",17,322,1,"DET",32,371,0,-15,15,49
2015,16,2015-12-27 16:05:00,"JAC",27,412,2,"NO",38,537,0,-11,11,65
2015,16,2015-12-27 16:25:00,"GB",8,178,4,"ARI",38,381,2,-30,30,46
2015,16,2015-12-27 16:26:00,"LAR",23,205,0,"SEA",17,312,3,6,6,40
2015,16,2015-12-27 20:30:00,"NYG",17,363,3,"MIN",49,368,0,-32,32,66
2015,16,2015-12-28 20:30:00,"CIN",17,294,1,"DEN",20,390,1,-3,3,37
2015,17,2016-01-03 13:02:00,"BAL",16,341,2,"CIN",24,292,0,-8,8,40
2015,17,2016-01-03 13:02:00,"DET",24,349,0,"CHI",20,342,3,4,4,44
2015,17,2016-01-03 13:02:00,"JAC",6,215,4,"HOU",30,402,1,-24,24,36
2015,17,2016-01-03 13:02:00,"NE",10,196,0,"MIA",20,438,0,-10,10,30
2015,17,2016-01-03 13:02:00,"NO",20,390,1,"ATL",17,414,2,3,3,37
2015,17,2016-01-03 13:02:00,"NYJ",17,300,3,"BUF",22,295,1,-5,5,39
2015,17,2016-01-03 13:02:00,"PIT",28,379,3,"CLE",12,263,4,16,16,40
2015,17,2016-01-03 13:02:00,"TEN",24,231,1,"IND",30,327,1,-6,6,54
2015,17,2016-01-03 13:03:00,"PHI",35,435,2,"NYG",30,502,1,5,5,65
2015,17,2016-01-03 13:03:00,"WAS",34,437,0,"DAL",23,512,4,11,11,57
2015,17,2016-01-03 16:25:00,"LAC",20,317,1,"DEN",27,503,5,-7,7,47
2015,17,2016-01-03 16:25:00,"SEA",36,354,0,"ARI",6,232,3,30,30,42
2015,17,2016-01-03 16:25:00,"LAR",16,364,0,"SF",19,458,1,-3,3,35
2015,17,2016-01-03 16:25:00,"TB",10,386,3,"CAR",38,366,2,-28,28,48
2015,17,2016-01-03 16:26:00,"LV",17,205,1,"KC",23,339,2,-6,6,40
2015,17,2016-01-03 20:30:00,"MIN",20,242,2,"GB",13,350,2,7,7,33
2015,101,2016-01-09 16:35:00,"KC",30,314,1,"HOU",0,226,5,30,30,30
2015,101,2016-01-09 20:15:00,"PIT",18,369,2,"CIN",16,279,4,2,2,34
2015,101,2016-01-10 13:05:00,"SEA",10,226,1,"MIN",9,183,1,1,1,19
2015,101,2016-01-10 16:42:00,"GB",35,346,1,"WAS",18,354,1,17,17,53
2015,102,2016-01-16 16:35:00,"KC",20,378,1,"NE",27,340,0,-7,7,47
2015,102,2016-01-16 20:15:00,"GB",20,386,1,"ARI",26,368,2,-6,6,46
2015,102,2016-01-17 13:06:00,"SEA",24,403,2,"CAR",31,295,0,-7,7,55
2015,102,2016-01-17 16:40:00,"PIT",16,396,1,"DEN",23,324,0,-7,7,39
2015,103,2016-01-24 15:05:00,"NE",18,336,2,"DEN",20,244,1,-2,2,38
2015,103,2016-01-24 18:42:00,"ARI",15,287,7,"CAR",49,476,1,-34,34,64
2015,104,2016-02-07 18:39:00,"CAR",10,315,4,"DEN",24,194,2,-14,14,34
2016,1,2016-09-08 20:40:00,"CAR",20,333,1,"DEN",21,307,3,-1,1,41
2016,1,2016-09-11 13:04:00,"BUF",7,160,0,"BAL",13,308,1,-6,6,20
2016,1,2016-09-11 13:04:00,"GB",27,294,0,"JAC",23,348,1,4,4,50
2016,1,2016-09-11 13:05:00,"CHI",14,258,1,"HOU",23,344,1,-9,9,37
2016,1,2016-09-11 13:05:00,"CIN",23,381,1,"NYJ",22,340,1,1,1,45
2016,1,2016-09-11 13:05:00,"CLE",10,288,1,"PHI",29,403,0,-19,19,39
2016,1,2016-09-11 13:05:00,"MIN",25,301,0,"TEN",16,316,3,9,9,41
2016,1,2016-09-11 13:05:00,"LV",35,486,0,"NO",34,507,1,1,1,69
2016,1,2016-09-11 13:05:00,"LAC",27,388,0,"KC",33,413,1,-6,6,60
2016,1,2016-09-11 13:05:00,"TB",31,371,1,"ATL",24,374,0,7,7,55
2016,1,2016-09-11 16:08:00,"MIA",10,214,0,"SEA",12,352,2,-2,2,22
2016,1,2016-09-11 16:27:00,"DET",39,448,0,"IND",35,450,0,4,4,74
2016,1,2016-09-11 16:27:00,"NYG",20,316,1,"DAL",19,328,0,1,1,39
2016,1,2016-09-11 20:30:00,"NE",23,363,2,"ARI",21,344,0,2,2,44
2016,1,2016-09-12 19:11:00,"PIT",38,437,1,"WAS",16,384,2,22,22,54
2016,1,2016-09-12 22:20:00,"LAR",0,185,2,"SF",28,320,1,-28,28,28
2016,2,2016-09-15 20:26:00,"NYJ",37,493,1,"BUF",31,393,1,6,6,68
2016,2,2016-09-18 13:02:00,"BAL",25,382,2,"CLE",20,387,2,5,5,45
2016,2,2016-09-18 13:02:00,"CIN",16,412,2,"PIT",24,374,2,-8,8,40
2016,2,2016-09-18 13:02:00,"KC",12,291,3,"HOU",19,351,2,-7,7,31
2016,2,2016-09-18 13:02:00,"MIA",24,457,4,"NE",31,463,1,-7,7,55
2016,2,2016-09-18 13:02:00,"TEN",16,363,1,"DET",15,375,1,1,1,31
2016,2,2016-09-18 13:03:00,"DAL",27,380,1,"WAS",23,432,1,4,4,50
2016,2,2016-09-18 13:03:00,"NO",13,288,0,"NYG",16,417,3,-3,3,29
2016,2,2016-09-18 13:03:00,"SF",27,302,3,"CAR",46,529,4,-19,19,73
2016,2,2016-09-18 13:05:00,"TB",7,306,5,"ARI",40,416,0,-33,33,47
2016,2,2016-09-18 16:08:00,"SEA",3,306,1,"LAR",9,283,0,-6,6,12
2016,2,2016-09-18 16:25:00,"ATL",35,528,1,"LV",28,454,0,7,7,63
2016,2,2016-09-18 16:25:00,"IND",20,253,2,"DEN",34,400,1,-14,14,54
2016,2,2016-09-18 16:25:00,"JAC",14,388,3,"LAC",38,357,1,-24,24,52
2016,2,2016-09-18 20:32:00,"GB",14,263,3,"MIN",17,284,1,-3,3,31
2016,2,2016-09-19 20:30:00,"PHI",29,280,0,"CHI",14,284,3,15,15,43
2016,3,2016-09-22 20:26:00,"HOU",0,284,3,"NE",27,282,0,-27,27,27
2016,3,2016-09-25 13:02:00,"ARI",18,348,5,"BUF",33,297,1,-15,15,51
2016,3,2016-09-25 13:02:00,"BAL",19,283,3,"JAC",17,216,3,2,2,36
2016,3,2016-09-25 13:02:00,"CLE",24,430,1,"MIA",30,426,3,-6,6,54
2016,3,2016-09-25 13:02:00,"DEN",29,355,1,"CIN",17,332,2,12,12,46
2016,3,2016-09-25 13:02:00,"DET",27,418,1,"GB",34,324,0,-7,7,61
2016,3,2016-09-25 13:02:00,"MIN",22,211,0,"CAR",10,306,3,12,12,32
2016,3,2016-09-25 13:02:00,"LV",17,368,1,"TEN",10,393,3,7,7,27
2016,3,2016-09-25 13:02:00,"WAS",29,403,1,"NYG",27,457,3,2,2,56
2016,3,2016-09-25 16:05:00,"LAR",37,320,2,"TB",32,472,2,5,5,69
2016,3,2016-09-25 16:05:00,"SF",18,254,1,"SEA",37,418,2,-19,19,55
2016,3,2016-09-25 16:25:00,"PIT",3,251,2,"PHI",34,426,0,-31,31,37
2016,3,2016-09-25 16:25:00,"LAC",22,352,3,"IND",26,410,2,-4,4,48
2016,3,2016-09-25 16:26:00,"NYJ",3,305,8,"KC",24,293,1,-21,21,27
2016,3,2016-09-25 20:31:00,"CHI",17,390,2,"DAL",31,447,1,-14,14,48
2016,3,2016-09-26 20:30:00,"ATL",45,442,0,"NO",32,474,2,13,13,77
2016,4,2016-09-29 20:26:00,"MIA",7,222,2,"CIN",22,362,0,-15,15,29
2016,4,2016-10-02 09:35:00,"IND",27,284,1,"JAC",30,331,0,-3,3,57
2016,4,2016-10-02 13:00:00,"DET",14,263,2,"CHI",17,408,0,-3,3,31
2016,4,2016-10-02 13:02:00,"BUF",16,378,0,"NE",0,277,1,16,16,16
2016,4,2016-10-02 13:02:00,"LV",28,261,1,"BAL",27,412,1,1,1,55
2016,4,2016-10-02 13:02:00,"TEN",20,320,1,"HOU",27,359,2,-7,7,47
2016,4,2016-10-02 13:03:00,"SEA",27,354,0,"NYJ",17,305,3,10,10,44
2016,4,2016-10-02 13:04:00,"CAR",33,378,2,"ATL",48,571,1,-15,15,81
2016,4,2016-10-02 13:05:00,"CLE",20,380,3,"WAS",31,301,1,-11,11,51
2016,4,2016-10-02 16:05:00,"DEN",27,307,0,"TB",7,215,3,20,20,34
2016,4,2016-10-02 16:25:00,"DAL",24,428,0,"SF",17,295,1,7,7,41
2016,4,2016-10-02 16:25:00,"LAR",17,288,1,"ARI",13,420,5,4,4,30
2016,4,2016-10-02 16:25:00,"NO",35,275,2,"LAC",34,346,3,1,1,69
2016,4,2016-10-02 20:30:00,"KC",14,357,2,"PIT",43,436,0,-29,29,57
2016,4,2016-10-03 20:35:00,"NYG",10,339,2,"MIN",24,366,0,-14,14,34
2016,5,2016-10-06 20:27:00,"ARI",33,288,0,"SF",21,286,3,12,12,54
2016,5,2016-10-09 13:02:00,"CHI",23,522,1,"IND",29,396,0,-6,6,52
2016,5,2016-10-09 13:02:00,"NE",33,501,0,"CLE",13,262,1,20,20,46
2016,5,2016-10-09 13:02:00,"NYJ",13,316,0,"PIT",31,436,1,-18,18,44
2016,5,2016-10-09 13:02:00,"PHI",23,346,2,"DET",24,244,1,-1,1,47
2016,5,2016-10-09 13:02:00,"TEN",30,398,0,"MIA",17,200,2,13,13,47
2016,5,2016-10-09 13:03:00,"WAS",16,310,2,"BAL",10,306,1,6,6,26
2016,5,2016-10-09 13:05:00,"HOU",13,214,1,"MIN",31,351,0,-18,18,44
2016,5,2016-10-09 16:05:00,"ATL",23,372,1,"DEN",16,267,1,7,7,39
2016,5,2016-10-09 16:25:00,"BUF",30,305,0,"LAR",19,345,3,11,11,49
2016,5,2016-10-09 16:25:00,"CIN",14,345,0,"DAL",28,402,1,-14,14,42
2016,5,2016-10-09 16:25:00,"LAC",31,423,4,"LV",34,389,1,-3,3,65
2016,5,2016-10-09 20:30:00,"NYG",16,221,1,"GB",23,406,2,-7,7,39
2016,5,2016-10-10 20:04:00,"TB",17,315,0,"CAR",14,414,4,3,3,31
2016,6,2016-10-13 20:25:00,"DEN",13,304,2,"LAC",21,265,2,-8,8,34
2016,6,2016-10-16 13:02:00,"BAL",23,391,0,"NYG",27,435,3,-4,4,50
2016,6,2016-10-16 13:02:00,"CIN",17,357,0,"NE",35,437,0,-18,18,52
2016,6,2016-10-16 13:02:00,"CLE",26,341,0,"TEN",28,407,1,-2,2,54
2016,6,2016-10-16 13:02:00,"JAC",17,317,2,"CHI",16,389,0,1,1,33
2016,6,2016-10-16 13:02:00,"LAR",28,387,1,"DET",31,348,0,-3,3,59
2016,6,2016-10-16 13:02:00,"PIT",15,297,2,"MIA",30,474,0,-15,15,45
2016,6,2016-10-16 13:02:00,"SF",16,300,1,"BUF",45,492,2,-29,29,61
2016,6,2016-10-16 13:03:00,"CAR",38,406,2,"NO",41,523,1,-3,3,79
2016,6,2016-10-16 13:03:00,"PHI",20,239,0,"WAS",27,493,1,-7,7,47
2016,6,2016-10-16 16:05:00,"KC",26,406,0,"LV",10,285,2,16,16,36
2016,6,2016-10-16 16:25:00,"DAL",30,424,2,"GB",16,372,4,14,14,46
2016,6,2016-10-16 16:26:00,"ATL",24,362,2,"SEA",26,333,0,-2,2,50
2016,6,2016-10-16 20:32:00,"IND",23,392,1,"HOU",26,414,1,-3,3,49
2016,6,2016-10-17 20:30:00,"NYJ",3,230,2,"ARI",28,396,0,-25,25,31
2016,7,2016-10-20 20:26:00,"CHI",10,189,2,"GB",26,406,1,-16,16,36
2016,7,2016-10-23 09:31:00,"NYG",17,232,1,"LAR",10,345,4,7,7,27
2016,7,2016-10-23 13:02:00,"BUF",25,267,0,"MIA",28,454,0,-3,3,53
2016,7,2016-10-23 13:02:00,"CLE",17,352,2,"CIN",31,559,1,-14,14,48
2016,7,2016-10-23 13:02:00,"IND",34,422,0,"TEN",26,331,1,8,8,60
2016,7,2016-10-23 13:02:00,"MIN",10,282,4,"PHI",21,239,4,-11,11,31
2016,7,2016-10-23 13:02:00,"LV",33,344,0,"JAC",16,344,3,17,17,49
2016,7,2016-10-23 13:02:00,"WAS",17,413,2,"DET",20,344,0,-3,3,37
2016,7,2016-10-23 13:03:00,"NO",21,463,2,"KC",27,326,0,-6,6,48
2016,7,2016-10-23 13:04:00,"BAL",16,245,3,"NYJ",24,344,2,-8,8,40
2016,7,2016-10-23 16:05:00,"LAC",33,426,2,"ATL",30,386,1,3,3,63
2016,7,2016-10-23 16:05:00,"TB",34,513,1,"SF",17,273,3,17,17,51
2016,7,2016-10-23 16:25:00,"NE",27,362,2,"PIT",16,375,1,11,11,43
2016,7,2016-10-23 20:30:00,"SEA",6,257,0,"ARI",6,443,0,0,0,12
2016,7,2016-10-24 20:30:00,"HOU",9,271,2,"DEN",27,347,0,-18,18,36
2016,8,2016-10-27 20:26:00,"JAC",22,370,1,"TEN",36,494,0,-14,14,58
2016,8,2016-10-30 08:36:00,"WAS",27,546,1,"CIN",27,415,2,0,0,54
2016,8,2016-10-30 12:47:00,"ARI",20,340,2,"CAR",30,349,1,-10,10,50
2016,8,2016-10-30 13:02:00,"KC",30,422,0,"IND",14,277,2,16,16,44
2016,8,2016-10-30 13:02:00,"NE",41,357,0,"BUF",25,376,0,16,16,66
2016,8,2016-10-30 13:02:00,"NYJ",31,393,0,"CLE",28,407,2,3,3,59
2016,8,2016-10-30 13:02:00,"LV",30,626,1,"TB",24,270,0,6,6,54
2016,8,2016-10-30 13:03:00,"DET",13,289,0,"HOU",20,269,1,-7,7,33
2016,8,2016-10-30 13:03:00,"SEA",20,359,1,"NO",25,375,1,-5,5,45
2016,8,2016-10-30 16:05:00,"LAC",19,369,3,"DEN",27,324,3,-8,8,46
2016,8,2016-10-30 16:25:00,"GB",32,331,0,"ATL",33,367,0,-1,1,65
2016,8,2016-10-30 20:31:00,"PHI",23,291,1,"DAL",29,460,1,-6,6,52
2016,8,2016-10-31 20:31:00,"MIN",10,258,0,"CHI",20,403,0,-10,10,30
2016,9,2016-11-03 20:25:00,"ATL",43,461,1,"TB",28,396,2,15,15,71
2016,9,2016-11-06 13:00:00,"DAL",35,423,0,"CLE",10,222,0,25,25,45
2016,9,2016-11-06 13:00:00,"DET",22,311,1,"MIN",16,337,0,6,6,38
2016,9,2016-11-06 13:00:00,"JAC",14,449,4,"KC",19,231,0,-5,5,33
2016,9,2016-11-06 13:00:00,"NYJ",23,331,2,"MIA",27,274,0,-4,4,50
2016,9,2016-11-06 13:00:00,"PHI",23,443,2,"NYG",28,302,2,-5,5,51
2016,9,2016-11-06 13:00:00,"PIT",14,277,1,"BAL",21,274,1,-7,7,35
2016,9,2016-11-06 16:05:00,"CAR",13,244,0,"LAR",10,339,1,3,3,23
2016,9,2016-11-06 16:05:00,"NO",41,571,0,"SF",23,486,4,18,18,64
2016,9,2016-11-06 16:25:00,"IND",31,355,2,"GB",26,405,1,5,5,57
2016,9,2016-11-06 16:25:00,"TEN",35,393,3,"LAC",43,476,0,-8,8,78
2016,9,2016-11-06 20:30:00,"DEN",20,299,2,"LV",30,397,0,-10,10,50
2016,9,2016-11-07 20:30:00,"BUF",25,425,1,"SEA",31,278,0,-6,6,56
2016,10,2016-11-10 20:25:00,"CLE",7,144,3,"BAL",28,396,2,-21,21,35
2016,10,2016-11-13 13:00:00,"ATL",15,303,1,"PHI",24,429,1,-9,9,39
2016,10,2016-11-13 13:00:00,"CHI",10,283,4,"TB",36,360,1,-26,26,46
2016,10,2016-11-13 13:00:00,"DEN",25,337,2,"NO",23,373,4,2,2,48
2016,10,2016-11-13 13:00:00,"GB",25,402,3,"TEN",47,446,0,-22,22,72
2016,10,2016-11-13 13:00:00,"HOU",24,273,0,"JAC",21,327,2,3,3,45
2016,10,2016-11-13 13:00:00,"KC",20,256,1,"CAR",17,341,2,3,3,37
2016,10,2016-11-13 13:00:00,"LAR",9,280,0,"NYJ",6,296,1,3,3,15
2016,10,2016-11-13 13:00:00,"MIN",20,331,1,"WAS",26,388,1,-6,6,46
2016,10,2016-11-13 16:05:00,"MIA",31,337,1,"LAC",24,379,4,7,7,55
2016,10,2016-11-13 16:25:00,"DAL",35,422,1,"PIT",30,448,0,5,5,65
2016,10,2016-11-13 16:25:00,"SF",20,281,1,"ARI",23,443,4,-3,3,43
2016,10,2016-11-13 20:30:00,"SEA",31,420,0,"NE",24,385,2,7,7,55
2016,10,2016-11-14 20:30:00,"CIN",20,264,1,"NYG",21,351,2,-1,1,41
2016,11,2016-11-17 20:25:00,"NO",20,371,2,"CAR",23,223,0,-3,3,43
2016,11,2016-11-20 13:00:00,"ARI",24,290,2,"MIN",30,217,1,-6,6,54
2016,11,2016-11-20 13:00:00,"BAL",17,368,0,"DAL",27,417,0,-10,10,44
2016,11,2016-11-20 13:00:00,"BUF",16,342,1,"CIN",12,300,2,4,4,28
2016,11,2016-11-20 13:00:00,"CHI",16,315,1,"NYG",22,329,0,-6,6,38
2016,11,2016-11-20 13:00:00,"JAC",19,285,3,"DET",26,277,2,-7,7,45
2016,11,2016-11-20 13:00:00,"PIT",24,313,0,"CLE",9,209,2,15,15,33
2016,11,2016-11-20 13:00:00,"TB",19,442,1,"KC",17,343,2,2,2,36
2016,11,2016-11-20 13:00:00,"TEN",17,351,0,"IND",24,327,1,-7,7,41
2016,11,2016-11-20 16:05:00,"MIA",14,240,1,"LAR",10,227,1,4,4,24
2016,11,2016-11-20 16:25:00,"NE",30,444,0,"SF",17,299,0,13,13,47
2016,11,2016-11-20 16:25:00,"PHI",15,308,2,"SEA",26,439,0,-11,11,41
2016,11,2016-11-20 20:30:00,"GB",24,424,2,"WAS",42,515,0,-18,18,66
2016,11,2016-11-21 20:30:00,"HOU",20,354,2,"LV",27,325,1,-7,7,47
2016,12,2016-11-24 12:30:00,"MIN",13,306,1,"DET",16,308,0,-3,3,29
2016,12,2016-11-24 16:30:00,"WAS",26,505,0,"DAL",31,353,0,-5,5,57
2016,12,2016-11-24 20:30:00,"PIT",28,369,0,"IND",7,310,2,21,21,35
2016,12,2016-11-27 13:00:00,"ARI",19,332,1,"ATL",38,360,1,-19,19,57
2016,12,2016-11-27 13:00:00,"CIN",14,325,2,"BAL",19,311,1,-5,5,33
2016,12,2016-11-27 13:00:00,"JAC",21,301,0,"BUF",28,304,0,-7,7,49
2016,12,2016-11-27 13:00:00,"LAR",21,247,2,"NO",49,555,1,-28,28,70
2016,12,2016-11-27 13:00:00,"NYG",27,296,1,"CLE",13,343,3,14,14,40
2016,12,2016-11-27 13:00:00,"LAC",21,302,1,"HOU",13,353,4,8,8,34
2016,12,2016-11-27 13:00:00,"SF",24,475,2,"MIA",31,358,0,-7,7,55
2016,12,2016-11-27 13:00:00,"TEN",27,375,0,"CHI",21,411,2,6,6,48
2016,12,2016-11-27 16:05:00,"SEA",5,245,3,"TB",14,338,2,-9,9,19
2016,12,2016-11-27 16:25:00,"CAR",32,358,2,"LV",35,366,2,-3,3,67
2016,12,2016-11-27 16:25:00,"NE",22,377,0,"NYJ",17,333,2,5,5,39
2016,12,2016-11-27 20:30:00,"KC",30,273,0,"DEN",27,464,1,3,3,57
2016,12,2016-11-28 20:30:00,"GB",27,387,0,"PHI",13,292,1,14,14,40
2016,13,2016-12-01 19:25:00,"DAL",17,264,2,"MIN",15,318,1,2,2,32
2016,13,2016-12-04 13:00:00,"DEN",20,206,0,"JAC",10,333,3,10,10,30
2016,13,2016-12-04 13:00:00,"DET",28,422,0,"NO",13,369,3,15,15,41
2016,13,2016-12-04 13:00:00,"HOU",13,307,1,"GB",21,309,1,-8,8,34
2016,13,2016-12-04 13:00:00,"KC",29,389,1,"ATL",28,418,1,1,1,57
2016,13,2016-12-04 13:00:00,"LAR",10,162,2,"NE",26,402,0,-16,16,36
2016,13,2016-12-04 13:00:00,"MIA",6,277,3,"BAL",38,496,2,-32,32,44
2016,13,2016-12-04 13:00:00,"PHI",14,359,3,"CIN",32,412,2,-18,18,46
2016,13,2016-12-04 13:00:00,"SF",6,147,0,"CHI",26,326,1,-20,20,32
2016,13,2016-12-04 16:05:00,"BUF",24,382,2,"LV",38,399,0,-14,14,62
2016,13,2016-12-04 16:25:00,"NYG",14,234,2,"PIT",24,389,2,-10,10,38
2016,13,2016-12-04 16:25:00,"TB",28,349,1,"LAC",21,330,2,7,7,49
2016,13,2016-12-04 16:25:00,"WAS",23,333,2,"ARI",31,369,0,-8,8,54
2016,13,2016-12-04 20:30:00,"CAR",7,271,2,"SEA",40,534,1,-33,33,47
2016,13,2016-12-05 20:30:00,"IND",41,421,1,"NYJ",10,250,3,31,31,51
2016,14,2016-12-08 20:25:00,"LV",13,244,0,"KC",21,323,3,-8,8,34
2016,14,2016-12-11 13:00:00,"ARI",23,300,4,"MIA",26,314,3,-3,3,49
2016,14,2016-12-11 13:00:00,"CHI",17,296,0,"DET",20,323,2,-3,3,37
2016,14,2016-12-11 13:00:00,"CIN",23,360,0,"CLE",10,254,1,13,13,33
2016,14,2016-12-11 13:00:00,"DEN",10,348,2,"TEN",13,253,0,-3,3,23
2016,14,2016-12-11 13:00:00,"HOU",22,316,1,"IND",17,348,3,5,5,39
2016,14,2016-12-11 13:00:00,"MIN",25,377,1,"JAC",16,315,0,9,9,41
2016,14,2016-12-11 13:00:00,"PIT",27,460,3,"BUF",20,275,1,7,7,47
2016,14,2016-12-11 13:00:00,"LAC",16,278,5,"CAR",28,272,1,-12,12,44
2016,14,2016-12-11 13:00:00,"WAS",27,334,1,"PHI",22,383,2,5,5,49
2016,14,2016-12-11 16:05:00,"NYJ",23,404,1,"SF",17,364,0,6,6,40
2016,14,2016-12-11 16:25:00,"ATL",42,286,0,"LAR",14,312,5,28,28,56
2016,14,2016-12-11 16:25:00,"NO",11,294,3,"TB",16,270,0,-5,5,27
2016,14,2016-12-11 16:25:00,"SEA",10,354,6,"GB",38,330,0,-28,28,48
2016,14,2016-12-11 20:30:00,"DAL",7,260,3,"NYG",10,260,3,-3,3,17
2016,14,2016-12-12 20:30:00,"BAL",23,348,1,"NE",30,496,3,-7,7,53
2016,15,2016-12-15 20:25:00,"LAR",3,183,0,"SEA",24,299,1,-21,21,27
2016,15,2016-12-17 20:25:00,"MIA",34,303,1,"NYJ",13,360,4,21,21,47
2016,15,2016-12-18 13:00:00,"CLE",13,269,0,"BUF",33,451,0,-20,20,46
2016,15,2016-12-18 13:00:00,"DET",6,324,2,"NYG",17,300,0,-11,11,23
2016,15,2016-12-18 13:00:00,"GB",30,451,0,"CHI",27,449,4,3,3,57
2016,15,2016-12-18 13:00:00,"IND",34,411,0,"MIN",6,282,3,28,28,40
2016,15,2016-12-18 13:00:00,"JAC",20,150,1,"HOU",21,387,2,-1,1,41
2016,15,2016-12-18 13:00:00,"PHI",26,328,1,"BAL",27,340,2,-1,1,53
2016,15,2016-12-18 13:00:00,"PIT",24,382,0,"CIN",20,222,1,4,4,44
2016,15,2016-12-18 13:00:00,"TEN",19,389,3,"KC",17,316,1,2,2,36
2016,15,2016-12-18 16:05:00,"NO",48,488,1,"ARI",41,425,2,7,7,89
2016,15,2016-12-18 16:05:00,"SF",13,272,1,"ATL",41,550,1,-28,28,54
2016,15,2016-12-18 16:25:00,"NE",16,313,0,"DEN",3,309,3,13,13,19
2016,15,2016-12-18 16:25:00,"LV",19,345,2,"LAC",16,263,2,3,3,35
2016,15,2016-12-18 20:30:00,"TB",20,276,4,"DAL",26,449,1,-6,6,46
2016,15,2016-12-19 20:30:00,"CAR",26,438,0,"WAS",15,335,3,11,11,41
2016,16,2016-12-22 20:25:00,"NYG",19,470,3,"PHI",24,286,1,-5,5,43
2016,16,2016-12-24 13:00:00,"ATL",33,408,0,"CAR",16,302,2,17,17,49
2016,16,2016-12-24 13:00:00,"MIA",34,494,1,"BUF",31,589,0,3,3,65
2016,16,2016-12-24 13:00:00,"MIN",25,446,2,"GB",38,348,0,-13,13,63
2016,16,2016-12-24 13:00:00,"NYJ",3,239,4,"NE",41,325,0,-38,38,44
2016,16,2016-12-24 13:00:00,"LAC",17,356,1,"CLE",20,251,0,-3,3,37
2016,16,2016-12-24 13:00:00,"TEN",17,263,1,"JAC",38,415,1,-21,21,55
2016,16,2016-12-24 13:00:00,"WAS",41,478,0,"CHI",21,458,5,20,20,62
2016,16,2016-12-24 16:05:00,"IND",25,390,3,"LV",33,463,0,-8,8,58
2016,16,2016-12-24 16:25:00,"ARI",34,370,1,"SEA",31,391,1,3,3,65
2016,16,2016-12-24 16:25:00,"SF",22,323,2,"LAR",21,177,2,1,1,43
2016,16,2016-12-24 16:25:00,"TB",24,349,2,"NO",31,417,0,-7,7,55
2016,16,2016-12-24 20:25:00,"CIN",10,294,1,"HOU",12,250,0,-2,2,22
2016,16,2016-12-25 16:30:00,"BAL",27,368,1,"PIT",31,406,2,-4,4,58
2016,16,2016-12-25 20:30:00,"DEN",10,246,3,"KC",33,484,1,-23,23,43
2016,16,2016-12-26 20:30:00,"DET",21,319,2,"DAL",42,375,0,-21,21,63
2016,17,2017-01-01 13:00:00,"BAL",10,335,2,"CIN",27,371,0,-17,17,37
2016,17,2017-01-01 13:00:00,"BUF",10,230,3,"NYJ",30,329,0,-20,20,40
2016,17,2017-01-01 13:00:00,"CAR",16,335,3,"TB",17,300,2,-1,1,33
2016,17,2017-01-01 13:00:00,"CHI",10,323,5,"MIN",38,374,1,-28,28,48
2016,17,2017-01-01 13:00:00,"CLE",24,437,4,"PIT",27,312,1,-3,3,51
2016,17,2017-01-01 13:00:00,"DAL",13,195,2,"PHI",27,346,0,-14,14,40
2016,17,2017-01-01 13:00:00,"HOU",17,289,1,"TEN",24,236,1,-7,7,41
2016,17,2017-01-01 13:00:00,"JAC",20,470,2,"IND",24,384,2,-4,4,44
2016,17,2017-01-01 13:00:00,"NE",35,396,0,"MIA",14,280,2,21,21,49
2016,17,2017-01-01 16:25:00,"ARI",44,344,2,"LAR",6,123,3,38,38,50
2016,17,2017-01-01 16:25:00,"KC",37,365,1,"LAC",27,398,2,10,10,64
2016,17,2017-01-01 16:25:00,"NO",32,473,1,"ATL",38,465,0,-6,6,70
2016,17,2017-01-01 16:25:00,"NYG",19,332,0,"WAS",10,284,3,9,9,29
2016,17,2017-01-01 16:25:00,"LV",6,221,3,"DEN",24,349,1,-18,18,30
2016,17,2017-01-01 16:25:00,"SEA",25,376,0,"SF",23,253,2,2,2,48
2016,17,2017-01-01 20:30:00,"GB",31,448,0,"DET",24,408,1,7,7,55
2016,101,2017-01-07 16:35:00,"LV",14,203,3,"HOU",27,291,0,-13,13,41
2016,101,2017-01-07 20:15:00,"DET",6,231,0,"SEA",26,387,0,-20,20,32
2016,101,2017-01-08 13:05:00,"MIA",12,305,3,"PIT",30,367,2,-18,18,42
2016,101,2017-01-08 16:40:00,"NYG",13,365,2,"GB",38,406,0,-25,25,51
2016,102,2017-01-14 16:35:00,"SEA",20,309,2,"ATL",36,422,0,-16,16,56
2016,102,2017-01-14 20:15:00,"HOU",16,285,3,"NE",34,377,3,-18,18,50
2016,102,2017-01-15 16:40:00,"GB",34,413,1,"DAL",31,429,1,3,3,65
2016,102,2017-01-15 20:20:00,"PIT",18,389,1,"KC",16,227,2,2,2,34
2016,103,2017-01-22 15:05:00,"GB",21,367,2,"ATL",44,493,0,-23,23,65
2016,103,2017-01-22 18:40:00,"PIT",17,368,2,"NE",36,431,0,-19,19,53
2016,104,2017-02-05 18:30:00,"ATL",28,344,1,"NE",34,546,2,-6,6,62
2017,1,2017-09-07 20:30:00,"KC",42,537,1,"NE",27,371,0,15,15,69
2017,1,2017-09-10 13:00:00,"ARI",23,308,4,"DET",35,367,1,-12,12,58
2017,1,2017-09-10 13:00:00,"ATL",23,372,0,"CHI",17,301,0,6,6,40
2017,1,2017-09-10 13:00:00,"BAL",20,268,1,"CIN",0,221,5,20,20,20
2017,1,2017-09-10 13:00:00,"JAC",29,280,0,"HOU",7,203,4,22,22,36
2017,1,2017-09-10 13:00:00,"NYJ",12,214,2,"BUF",21,408,1,-9,9,33
2017,1,2017-09-10 13:00:00,"LV",26,359,0,"TEN",16,350,0,10,10,42
2017,1,2017-09-10 13:00:00,"PHI",30,356,2,"WAS",17,264,4,13,13,47
2017,1,2017-09-10 13:00:00,"PIT",21,290,1,"CLE",18,237,1,3,3,39
2017,1,2017-09-10 16:05:00,"IND",9,225,3,"LAR",46,373,1,-37,37,55
2017,1,2017-09-10 16:25:00,"CAR",23,287,2,"SF",3,217,2,20,20,26
2017,1,2017-09-10 16:25:00,"SEA",9,225,1,"GB",17,370,1,-8,8,26
2017,1,2017-09-10 20:30:00,"NYG",3,233,1,"DAL",19,392,0,-16,16,22
2017,1,2017-09-11 19:10:00,"NO",19,344,0,"MIN",29,470,0,-10,10,48
2017,1,2017-09-11 22:20:00,"LAC",21,249,1,"DEN",24,321,2,-3,3,45
2017,2,2017-09-14 20:25:00,"HOU",13,266,0,"CIN",9,295,1,4,4,22
2017,2,2017-09-17 13:00:00,"ARI",16,389,1,"IND",13,266,1,3,3,29
2017,2,2017-09-17 13:00:00,"BUF",3,176,0,"CAR",9,255,0,-6,6,12
2017,2,2017-09-17 13:00:00,"CHI",7,310,4,"TB",29,311,1,-22,22,36
2017,2,2017-09-17 13:00:00,"CLE",10,386,5,"BAL",24,337,2,-14,14,34
2017,2,2017-09-17 13:00:00,"MIN",9,237,1,"PIT",26,335,0,-17,17,35
2017,2,2017-09-17 13:00:00,"NE",36,555,0,"NO",20,429,0,16,16,56
2017,2,2017-09-17 13:00:00,"PHI",20,406,2,"KC",27,344,0,-7,7,47
2017,2,2017-09-17 13:00:00,"TEN",37,390,1,"JAC",16,310,3,21,21,53
2017,2,2017-09-17 16:05:00,"MIA",19,336,0,"LAC",17,367,0,2,2,36
2017,2,2017-09-17 16:05:00,"NYJ",20,271,2,"LV",45,410,0,-25,25,65
2017,2,2017-09-17 16:25:00,"DAL",17,268,2,"DEN",42,380,2,-25,25,59
2017,2,2017-09-17 16:25:00,"SF",9,248,1,"SEA",12,312,0,-3,3,21
2017,2,2017-09-17 16:25:00,"WAS",27,385,0,"LAR",20,332,2,7,7,47
2017,2,2017-09-17 20:30:00,"GB",23,367,2,"ATL",34,364,0,-11,11,57
2017,2,2017-09-18 20:30:00,"DET",24,257,1,"NYG",10,270,1,14,14,34
2017,3,2017-09-21 20:25:00,"LAR",41,418,2,"SF",39,421,2,2,2,80
2017,3,2017-09-24 09:30:00,"BAL",7,186,3,"JAC",44,410,0,-37,37,51
2017,3,2017-09-24 13:00:00,"ATL",30,428,3,"DET",26,324,0,4,4,56
2017,3,2017-09-24 13:00:00,"CLE",28,346,3,"IND",31,335,1,-3,3,59
2017,3,2017-09-24 13:00:00,"DEN",16,366,2,"BUF",26,272,0,-10,10,42
2017,3,2017-09-24 13:00:00,"HOU",33,417,2,"NE",36,396,1,-3,3,69
2017,3,2017-09-24 13:00:00,"MIA",6,225,2,"NYJ",20,336,1,-14,14,26
2017,3,2017-09-24 13:00:00,"NO",34,362,0,"CAR",13,288,3,21,21,47
2017,3,2017-09-24 13:00:00,"NYG",24,415,2,"PHI",27,354,1,-3,3,51
2017,3,2017-09-24 13:00:00,"PIT",17,282,2,"CHI",23,306,2,-6,6,40
2017,3,2017-09-24 13:00:00,"TB",17,342,3,"MIN",34,494,0,-17,17,51
2017,3,2017-09-24 16:05:00,"SEA",27,433,0,"TEN",33,420,0,-6,6,60
2017,3,2017-09-24 16:25:00,"CIN",24,301,1,"GB",27,344,1,-3,3,51
2017,3,2017-09-24 16:25:00,"KC",24,311,0,"LAC",10,330,3,14,14,34
2017,3,2017-09-24 20:30:00,"LV",10,128,3,"WAS",27,472,2,-17,17,37
2017,3,2017-09-25 20:30:00,"DAL",28,273,0,"ARI",17,332,0,11,11,45
2017,4,2017-09-28 20:25:00,"CHI",14,308,4,"GB",35,260,0,-21,21,49
2017,4,2017-10-01 09:30:00,"NO",20,347,0,"MIA",0,186,1,20,20,20
2017,4,2017-10-01 13:00:00,"BUF",23,281,0,"ATL",17,389,3,6,6,40
2017,4,2017-10-01 13:00:00,"CAR",33,444,2,"NE",30,373,0,3,3,63
2017,4,2017-10-01 13:00:00,"CIN",31,350,1,"CLE",7,215,1,24,24,38
2017,4,2017-10-01 13:00:00,"DET",14,251,0,"MIN",7,284,3,7,7,21
2017,4,2017-10-01 13:00:00,"JAC",20,311,1,"NYJ",23,471,2,-3,3,43
2017,4,2017-10-01 13:00:00,"LAR",35,412,0,"DAL",30,440,2,5,5,65
2017,4,2017-10-01 13:00:00,"PIT",26,381,1,"BAL",9,288,3,17,17,35
2017,4,2017-10-01 13:00:00,"TEN",14,195,5,"HOU",57,445,1,-43,43,71
2017,4,2017-10-01 16:05:00,"NYG",23,379,0,"TB",25,434,0,-2,2,48
2017,4,2017-10-01 16:05:00,"PHI",26,454,0,"LAC",24,400,1,2,2,50
2017,4,2017-10-01 16:05:00,"SF",15,305,1,"ARI",18,368,1,-3,3,33
2017,4,2017-10-01 16:25:00,"LV",10,254,1,"DEN",16,298,0,-6,6,26
2017,4,2017-10-01 20:30:00,"IND",18,237,2,"SEA",46,477,2,-28,28,64
2017,4,2017-10-02 20:30:00,"WAS",20,331,1,"KC",29,429,0,-9,9,49
2017,5,2017-10-05 20:25:00,"NE",19,402,2,"TB",14,409,0,5,5,33
2017,5,2017-10-08 13:00:00,"ARI",7,307,1,"PHI",34,419,1,-27,27,41
2017,5,2017-10-08 13:00:00,"BUF",16,221,1,"CIN",20,388,3,-4,4,36
2017,5,2017-10-08 13:00:00,"CAR",27,362,0,"DET",24,242,1,3,3,51
2017,5,2017-10-08 13:00:00,"JAC",30,313,1,"PIT",9,371,5,21,21,39
2017,5,2017-10-08 13:00:00,"LAC",27,382,1,"NYG",22,335,2,5,5,49
2017,5,2017-10-08 13:00:00,"NYJ",17,212,1,"CLE",14,419,3,3,3,31
2017,5,2017-10-08 13:00:00,"SF",23,402,0,"IND",26,447,1,-3,3,49
2017,5,2017-10-08 13:00:00,"TEN",10,188,2,"MIA",16,178,2,-6,6,26
2017,5,2017-10-08 16:05:00,"BAL",30,365,0,"LV",17,245,1,13,13,47
2017,5,2017-10-08 16:05:00,"SEA",16,241,2,"LAR",10,375,5,6,6,26
2017,5,2017-10-08 16:25:00,"GB",35,342,1,"DAL",31,408,3,4,4,66
2017,5,2017-10-08 20:30:00,"KC",42,450,0,"HOU",34,392,1,8,8,76
2017,5,2017-10-09 20:30:00,"MIN",20,300,0,"CHI",17,274,2,3,3,37
2017,6,2017-10-12 20:25:00,"PHI",28,310,1,"CAR",23,305,3,5,5,51
2017,6,2017-10-15 13:00:00,"CHI",27,342,2,"BAL",24,291,3,3,3,51
2017,6,2017-10-15 13:00:00,"CLE",17,247,3,"HOU",33,340,1,-16,16,50
2017,6,2017-10-15 13:00:00,"DET",38,347,5,"NO",52,379,3,-14,14,90
2017,6,2017-10-15 13:00:00,"GB",10,227,3,"MIN",23,351,2,-13,13,33
2017,6,2017-10-15 13:00:00,"MIA",20,289,1,"ATL",17,339,1,3,3,37
2017,6,2017-10-15 13:00:00,"NE",24,375,2,"NYJ",17,408,3,7,7,41
2017,6,2017-10-15 13:00:00,"SF",24,335,1,"WAS",26,419,2,-2,2,50
2017,6,2017-10-15 16:05:00,"LAR",27,249,1,"JAC",17,389,1,10,10,44
2017,6,2017-10-15 16:05:00,"TB",33,412,2,"ARI",38,432,2,-5,5,71
2017,6,2017-10-15 16:25:00,"LAC",17,343,1,"LV",16,274,2,1,1,33
2017,6,2017-10-15 16:25:00,"PIT",19,439,1,"KC",13,251,0,6,6,32
2017,6,2017-10-15 20:30:00,"NYG",23,266,0,"DEN",10,412,3,13,13,33
2017,6,2017-10-16 20:30:00,"IND",22,297,1,"TEN",36,473,1,-14,14,58
2017,7,2017-10-19 20:25:00,"KC",30,425,0,"LV",31,505,0,-1,1,61
2017,7,2017-10-22 13:00:00,"ARI",0,196,2,"LAR",33,425,1,-33,33,33
2017,7,2017-10-22 13:00:00,"BAL",16,208,0,"MIN",24,357,1,-8,8,40
2017,7,2017-10-22 13:00:00,"CAR",3,293,3,"CHI",17,153,0,-14,14,20
2017,7,2017-10-22 13:00:00,"JAC",27,518,2,"IND",0,232,0,27,27,27
2017,7,2017-10-22 13:00:00,"NO",26,485,2,"GB",17,260,1,9,9,43
2017,7,2017-10-22 13:00:00,"NYJ",28,272,2,"MIA",31,357,2,-3,3,59
2017,7,2017-10-22 13:00:00,"TB",27,447,3,"BUF",30,434,1,-3,3,57
2017,7,2017-10-22 13:00:00,"TEN",12,269,1,"CLE",9,284,3,3,3,21
2017,7,2017-10-22 16:05:00,"DAL",40,501,0,"SF",10,290,3,30,30,50
2017,7,2017-10-22 16:25:00,"CIN",14,179,2,"PIT",29,420,0,-15,15,43
2017,7,2017-10-22 16:25:00,"DEN",0,251,3,"LAC",21,242,0,-21,21,21
2017,7,2017-10-22 16:25:00,"SEA",24,425,1,"NYG",7,177,1,17,17,31
2017,7,2017-10-22 20:30:00,"ATL",7,343,0,"NE",23,403,0,-16,16,30
2017,7,2017-10-23 20:30:00,"WAS",24,344,1,"PHI",34,371,1,-10,10,58
2017,8,2017-10-26 20:25:00,"MIA",0,196,2,"BAL",40,295,0,-40,40,40
2017,8,2017-10-29 09:30:00,"MIN",33,375,1,"CLE",16,276,2,17,17,49
2017,8,2017-10-29 13:00:00,"ATL",25,386,2,"NYJ",20,279,1,5,5,45
2017,8,2017-10-29 13:00:00,"CAR",17,254,1,"TB",3,279,3,14,14,20
2017,8,2017-10-29 13:00:00,"CHI",12,307,1,"NO",20,387,2,-8,8,32
2017,8,2017-10-29 13:00:00,"IND",23,331,1,"CIN",24,276,2,-1,1,47
2017,8,2017-10-29 13:00:00,"LAC",13,349,1,"NE",21,414,0,-8,8,34
2017,8,2017-10-29 13:00:00,"LV",14,367,4,"BUF",34,331,0,-20,20,48
2017,8,2017-10-29 13:00:00,"SF",10,238,2,"PHI",33,304,1,-23,23,43
2017,8,2017-10-29 16:05:00,"HOU",38,509,3,"SEA",41,479,1,-3,3,79
2017,8,2017-10-29 16:25:00,"DAL",33,307,1,"WAS",19,285,3,14,14,52
2017,8,2017-10-29 20:30:00,"PIT",20,392,2,"DET",15,482,1,5,5,35
2017,8,2017-10-30 20:30:00,"DEN",19,364,5,"KC",29,276,2,-10,10,48
2017,9,2017-11-02 20:25:00,"BUF",21,307,3,"NYJ",34,331,0,-13,13,55
2017,9,2017-11-05 13:00:00,"ATL",17,355,1,"CAR",20,330,2,-3,3,37
2017,9,2017-11-05 13:00:00,"BAL",20,341,2,"TEN",23,257,1,-3,3,43
2017,9,2017-11-05 13:00:00,"CIN",7,148,0,"JAC",23,408,1,-16,16,30
2017,9,2017-11-05 13:00:00,"DEN",23,226,2,"PHI",51,419,1,-28,28,74
2017,9,2017-11-05 13:00:00,"IND",20,371,1,"HOU",14,288,1,6,6,34
2017,9,2017-11-05 13:00:00,"LAR",51,473,0,"NYG",17,319,3,34,34,68
2017,9,2017-11-05 13:00:00,"TB",10,200,1,"NO",30,407,2,-20,20,40
2017,9,2017-11-05 16:05:00,"ARI",20,368,2,"SF",10,329,2,10,10,30
2017,9,2017-11-05 16:05:00,"WAS",17,244,1,"SEA",14,437,2,3,3,31
2017,9,2017-11-05 16:25:00,"KC",17,323,1,"DAL",28,375,0,-11,11,45
2017,9,2017-11-05 20:30:00,"LV",27,379,2,"MIA",24,395,1,3,3,51
2017,9,2017-11-06 20:30:00,"DET",30,417,1,"GB",17,311,0,13,13,47
2017,10,2017-11-09 20:25:00,"SEA",22,287,0,"ARI",16,290,1,6,6,38
2017,10,2017-11-12 13:00:00,"CIN",20,308,2,"TEN",24,416,2,-4,4,44
2017,10,2017-11-12 13:00:00,"CLE",24,413,2,"DET",38,345,1,-14,14,62
2017,10,2017-11-12 13:00:00,"GB",23,342,0,"CHI",16,323,1,7,7,39
2017,10,2017-11-12 13:00:00,"LAC",17,322,2,"JAC",20,398,2,-3,3,37
2017,10,2017-11-12 13:00:00,"MIN",38,406,2,"WAS",30,394,1,8,8,68
2017,10,2017-11-12 13:00:00,"NO",47,482,1,"BUF",10,198,1,37,37,57
2017,10,2017-11-12 13:00:00,"NYJ",10,275,2,"TB",15,271,1,-5,5,25
2017,10,2017-11-12 13:00:00,"PIT",20,316,1,"IND",17,267,1,3,3,37
2017,10,2017-11-12 16:05:00,"HOU",7,283,4,"LAR",33,443,0,-26,26,40
2017,10,2017-11-12 16:25:00,"DAL",7,233,2,"ATL",27,336,1,-20,20,34
2017,10,2017-11-12 16:25:00,"NYG",21,374,1,"SF",31,474,2,-10,10,52
2017,10,2017-11-12 20:30:00,"NE",41,396,0,"DEN",16,339,2,25,25,57
2017,10,2017-11-13 20:30:00,"MIA",21,313,1,"CAR",45,548,0,-24,24,66
2017,11,2017-11-16 20:25:00,"TEN",17,316,4,"PIT",40,349,0,-23,23,57
2017,11,2017-11-19 13:00:00,"ARI",21,292,2,"HOU",31,357,2,-10,10,52
2017,11,2017-11-19 13:00:00,"BAL",23,219,1,"GB",0,265,5,23,23,23
2017,11,2017-11-19 13:00:00,"DET",27,352,1,"CHI",24,398,1,3,3,51
2017,11,2017-11-19 13:00:00,"JAC",19,284,1,"CLE",7,184,5,12,12,26
2017,11,2017-11-19 13:00:00,"KC",9,363,3,"NYG",12,317,1,-3,3,21
2017,11,2017-11-19 13:00:00,"LAR",7,254,1,"MIN",24,451,0,-17,17,31
2017,11,2017-11-19 13:00:00,"TB",30,321,0,"MIA",20,448,5,10,10,50
2017,11,2017-11-19 13:00:00,"WAS",31,456,0,"NO",34,535,1,-3,3,65
2017,11,2017-11-19 16:05:00,"BUF",24,393,6,"LAC",54,429,0,-30,30,78
2017,11,2017-11-19 16:25:00,"CIN",20,190,0,"DEN",17,341,2,3,3,37
2017,11,2017-11-19 16:25:00,"NE",33,421,0,"LV",8,344,2,25,25,41
2017,11,2017-11-19 20:30:00,"PHI",37,383,0,"DAL",9,225,4,28,28,46
2017,11,2017-11-20 20:30:00,"ATL",34,279,1,"SEA",31,360,2,3,3,65
2017,12,2017-11-23 12:30:00,"MIN",30,408,0,"DET",23,289,2,7,7,53
2017,12,2017-11-23 16:30:00,"LAC",28,515,0,"DAL",6,247,2,22,22,34
2017,12,2017-11-23 20:30:00,"NYG",10,170,1,"WAS",20,323,1,-10,10,30
2017,12,2017-11-26 13:00:00,"BUF",16,268,0,"KC",10,236,1,6,6,26
2017,12,2017-11-26 13:00:00,"CAR",35,299,0,"NYJ",27,391,1,8,8,62
2017,12,2017-11-26 13:00:00,"CHI",3,140,2,"PHI",31,420,3,-28,28,34
2017,12,2017-11-26 13:00:00,"CLE",16,405,0,"CIN",30,361,0,-14,14,46
2017,12,2017-11-26 13:00:00,"MIA",17,221,3,"NE",35,417,2,-18,18,52
2017,12,2017-11-26 13:00:00,"TB",20,373,0,"ATL",34,516,1,-14,14,54
2017,12,2017-11-26 13:00:00,"TEN",20,276,2,"IND",16,254,1,4,4,36
2017,12,2017-11-26 16:05:00,"SEA",24,318,1,"SF",13,280,1,11,11,37
2017,12,2017-11-26 16:25:00,"DEN",14,216,1,"LV",21,348,1,-7,7,35
2017,12,2017-11-26 16:25:00,"JAC",24,219,3,"ARI",27,344,2,-3,3,51
2017,12,2017-11-26 16:25:00,"NO",20,346,0,"LAR",26,415,1,-6,6,46
2017,12,2017-11-26 20:30:00,"GB",28,307,0,"PIT",31,462,3,-3,3,59
2017,12,2017-11-27 20:30:00,"HOU",16,303,3,"BAL",23,294,0,-7,7,39
2017,13,2017-11-30 20:25:00,"WAS",14,280,4,"DAL",38,275,0,-24,24,52
2017,13,2017-12-03 13:00:00,"DEN",9,270,3,"MIA",35,367,3,-26,26,44
2017,13,2017-12-03 13:00:00,"DET",20,372,3,"BAL",44,370,0,-24,24,64
2017,13,2017-12-03 13:00:00,"HOU",13,384,1,"TEN",24,344,1,-11,11,37
2017,13,2017-12-03 13:00:00,"IND",10,290,2,"JAC",30,426,0,-20,20,40
2017,13,2017-12-03 13:00:00,"KC",31,474,0,"NYJ",38,488,0,-7,7,69
2017,13,2017-12-03 13:00:00,"MIN",14,312,0,"ATL",9,275,0,5,5,23
2017,13,2017-12-03 13:00:00,"NE",23,435,1,"BUF",3,268,1,20,20,26
2017,13,2017-12-03 13:00:00,"SF",15,388,1,"CHI",14,147,0,1,1,29
2017,13,2017-12-03 13:00:00,"TB",20,395,1,"GB",26,276,1,-6,6,46
2017,13,2017-12-03 16:05:00,"CLE",10,291,2,"LAC",19,429,0,-9,9,29
2017,13,2017-12-03 16:25:00,"CAR",21,279,1,"NO",31,400,1,-10,10,52
2017,13,2017-12-03 16:25:00,"LAR",32,303,1,"ARI",16,305,2,16,16,48
2017,13,2017-12-03 16:25:00,"NYG",17,265,2,"LV",24,401,1,-7,7,41
2017,13,2017-12-03 20:30:00,"PHI",10,425,2,"SEA",24,310,0,-14,14,34
2017,13,2017-12-04 20:30:00,"PIT",23,374,1,"CIN",20,353,0,3,3,43
2017,14,2017-12-07 20:25:00,"NO",17,306,1,"ATL",20,343,3,-3,3,37
2017,14,2017-12-10 13:00:00,"CHI",33,482,0,"CIN",7,234,2,26,26,40
2017,14,2017-12-10 13:00:00,"DAL",30,454,0,"NYG",10,330,2,20,20,40
2017,14,2017-12-10 13:00:00,"DET",24,434,3,"TB",21,400,5,3,3,45
2017,14,2017-12-10 13:00:00,"GB",27,341,0,"CLE",21,345,2,6,6,48
2017,14,2017-12-10 13:00:00,"IND",7,227,0,"BUF",13,319,2,-6,6,20
2017,14,2017-12-10 13:00:00,"MIN",24,356,3,"CAR",31,345,1,-7,7,55
2017,14,2017-12-10 13:00:00,"LV",15,268,3,"KC",26,408,1,-11,11,41
2017,14,2017-12-10 13:00:00,"SF",26,416,1,"HOU",16,311,1,10,10,42
2017,14,2017-12-10 16:05:00,"NYJ",0,100,2,"DEN",23,273,0,-23,23,23
2017,14,2017-12-10 16:05:00,"TEN",7,204,2,"ARI",12,261,0,-5,5,19
2017,14,2017-12-10 16:05:00,"WAS",13,201,1,"LAC",30,488,1,-17,17,43
2017,14,2017-12-10 16:25:00,"PHI",43,455,1,"LAR",35,307,2,8,8,78
2017,14,2017-12-10 16:25:00,"SEA",24,401,3,"JAC",30,424,1,-6,6,54
2017,14,2017-12-10 20:30:00,"BAL",38,413,1,"PIT",39,545,0,-1,1,77
2017,14,2017-12-11 20:30:00,"NE",20,248,2,"MIA",27,362,0,-7,7,47
2017,15,2017-12-14 20:25:00,"DEN",25,462,1,"IND",13,228,0,12,12,38
2017,15,2017-12-16 16:30:00,"CHI",10,349,3,"DET",20,293,1,-10,10,30
2017,15,2017-12-16 20:25:00,"LAC",13,307,4,"KC",30,397,0,-17,17,43
2017,15,2017-12-17 13:00:00,"ARI",15,286,2,"WAS",20,218,1,-5,5,35
2017,15,2017-12-17 13:00:00,"BAL",27,376,0,"CLE",10,266,4,17,17,37
2017,15,2017-12-17 13:00:00,"CIN",7,161,2,"MIN",34,346,1,-27,27,41
2017,15,2017-12-17 13:00:00,"GB",24,384,4,"CAR",31,387,0,-7,7,55
2017,15,2017-12-17 13:00:00,"HOU",7,186,1,"JAC",45,464,0,-38,38,52
2017,15,2017-12-17 13:00:00,"MIA",16,349,3,"BUF",24,328,0,-8,8,40
2017,15,2017-12-17 13:00:00,"NYJ",19,294,2,"NO",31,412,3,-12,12,50
2017,15,2017-12-17 13:00:00,"PHI",34,341,0,"NYG",29,504,1,5,5,63
2017,15,2017-12-17 16:05:00,"LAR",42,352,1,"SEA",7,149,2,35,35,49
2017,15,2017-12-17 16:25:00,"NE",27,360,1,"PIT",24,413,1,3,3,51
2017,15,2017-12-17 16:25:00,"TEN",23,328,1,"SF",25,414,0,-2,2,48
2017,15,2017-12-17 20:30:00,"DAL",20,330,2,"LV",17,293,1,3,3,37
2017,15,2017-12-18 20:30:00,"ATL",24,410,0,"TB",21,373,1,3,3,45
2017,16,2017-12-23 16:30:00,"IND",16,296,0,"BAL",23,323,0,-7,7,39
2017,16,2017-12-23 20:30:00,"MIN",16,236,0,"GB",0,239,2,16,16,16
2017,16,2017-12-24 13:00:00,"ATL",13,331,2,"NO",23,315,1,-10,10,36
2017,16,2017-12-24 13:00:00,"BUF",16,326,0,"NE",37,411,1,-21,21,53
2017,16,2017-12-24 13:00:00,"CLE",3,254,3,"CHI",20,258,0,-17,17,23
2017,16,2017-12-24 13:00:00,"DEN",11,330,3,"WAS",27,386,2,-16,16,38
2017,16,2017-12-24 13:00:00,"DET",17,276,1,"CIN",26,364,1,-9,9,43
2017,16,2017-12-24 13:00:00,"LAC",14,379,0,"NYJ",7,295,3,7,7,21
2017,16,2017-12-24 13:00:00,"LAR",27,402,1,"TEN",23,366,1,4,4,50
2017,16,2017-12-24 13:00:00,"MIA",13,345,2,"KC",29,404,0,-16,16,42
2017,16,2017-12-24 13:00:00,"TB",19,392,3,"CAR",22,255,1,-3,3,41
2017,16,2017-12-24 16:05:00,"JAC",33,472,3,"SF",44,369,1,-11,11,77
2017,16,2017-12-24 16:25:00,"NYG",0,293,3,"ARI",23,289,2,-23,23,23
2017,16,2017-12-24 16:25:00,"SEA",21,136,0,"DAL",12,282,3,9,9,33
2017,16,2017-12-25 16:30:00,"PIT",34,330,0,"HOU",6,227,2,28,28,40
2017,16,2017-12-25 20:30:00,"LV",10,274,5,"PHI",19,216,2,-9,9,29
2017,17,2017-12-31 13:00:00,"CHI",10,201,0,"MIN",23,327,0,-13,13,33
2017,17,2017-12-31 13:00:00,"CLE",24,374,2,"PIT",28,348,2,-4,4,52
2017,17,2017-12-31 13:00:00,"DAL",6,301,1,"PHI",0,219,2,6,6,6
2017,17,2017-12-31 13:00:00,"GB",11,256,4,"DET",35,356,0,-24,24,46
2017,17,2017-12-31 13:00:00,"HOU",13,209,1,"IND",22,250,0,-9,9,35
2017,17,2017-12-31 13:00:00,"NYJ",6,247,0,"NE",26,330,0,-20,20,32
2017,17,2017-12-31 13:00:00,"WAS",10,197,3,"NYG",18,381,1,-8,8,28
2017,17,2017-12-31 16:25:00,"ARI",26,259,1,"SEA",24,296,0,2,2,50
2017,17,2017-12-31 16:25:00,"BUF",22,312,0,"MIA",16,356,1,6,6,38
2017,17,2017-12-31 16:25:00,"CAR",10,248,3,"ATL",22,371,0,-12,12,32
2017,17,2017-12-31 16:25:00,"CIN",31,359,1,"BAL",27,312,1,4,4,58
2017,17,2017-12-31 16:25:00,"JAC",10,229,4,"TEN",15,232,1,-5,5,25
2017,17,2017-12-31 16:25:00,"KC",27,379,2,"DEN",24,336,3,3,3,51
2017,17,2017-12-31 16:25:00,"NO",24,323,1,"TB",31,455,3,-7,7,55
2017,17,2017-12-31 16:25:00,"LV",10,336,2,"LAC",30,495,0,-20,20,40
2017,17,2017-12-31 16:25:00,"SF",34,461,3,"LAR",13,251,2,21,21,47
2017,101,2018-01-06 16:35:00,"TEN",22,397,2,"KC",21,325,0,1,1,43
2017,101,2018-01-06 20:15:00,"ATL",26,322,0,"LAR",13,361,2,13,13,39
2017,101,2018-01-07 13:05:00,"BUF",3,263,2,"JAC",10,230,0,-7,7,13
2017,101,2018-01-07 16:40:00,"CAR",26,413,0,"NO",31,410,1,-5,5,57
2017,102,2018-01-13 16:35:00,"ATL",10,281,0,"PHI",15,334,2,-5,5,25
2017,102,2018-01-13 20:15:00,"TEN",14,267,0,"NE",35,438,0,-21,21,49
2017,102,2018-01-14 13:05:00,"JAC",45,378,0,"PIT",42,545,2,3,3,87
2017,102,2018-01-14 16:40:00,"NO",24,358,2,"MIN",29,403,1,-5,5,53
2017,103,2018-01-21 15:05:00,"JAC",20,374,0,"NE",24,344,1,-4,4,44
2017,103,2018-01-21 18:40:00,"MIN",7,333,3,"PHI",38,456,0,-31,31,45
2017,104,2018-02-04 18:30:00,"NE",33,613,1,"PHI",41,538,1,-8,8,74
2018,1,2018-09-06 20:20:00,"ATL",12,299,1,"PHI",18,232,2,-6,6,30
2018,1,2018-09-09 13:00:00,"BUF",3,153,2,"BAL",47,369,1,-44,44,50
2018,1,2018-09-09 13:00:00,"CIN",34,330,2,"IND",23,380,2,11,11,57
2018,1,2018-09-09 13:00:00,"HOU",20,325,2,"NE",27,389,3,-7,7,47
2018,1,2018-09-09 13:00:00,"JAC",20,305,1,"NYG",15,324,2,5,5,35
2018,1,2018-09-09 13:00:00,"PIT",21,472,6,"CLE",21,327,1,0,0,42
2018,1,2018-09-09 13:00:00,"SF",16,327,4,"MIN",24,343,1,-8,8,40
2018,1,2018-09-09 13:00:00,"TB",48,529,0,"NO",40,475,2,8,8,88
2018,1,2018-09-09 13:00:00,"TEN",20,336,3,"MIA",27,342,2,-7,7,47
2018,1,2018-09-09 16:05:00,"KC",38,362,0,"LAC",28,541,2,10,10,66
2018,1,2018-09-09 16:25:00,"DAL",8,232,1,"CAR",16,293,1,-8,8,24
2018,1,2018-09-09 16:25:00,"SEA",24,306,3,"DEN",27,470,3,-3,3,51
2018,1,2018-09-09 16:25:00,"WAS",24,429,1,"ARI",6,213,2,18,18,30
2018,1,2018-09-09 20:20:00,"CHI",23,294,1,"GB",24,370,2,-1,1,47
2018,1,2018-09-10 19:10:00,"NYJ",48,349,2,"DET",17,339,5,31,31,65
2018,1,2018-09-10 22:20:00,"LAR",33,365,0,"LV",13,395,3,20,20,46
2018,2,2018-09-13 20:20:00,"BAL",23,425,3,"CIN",34,373,0,-11,11,57
2018,2,2018-09-16 13:00:00,"CAR",24,439,1,"ATL",31,442,1,-7,7,55
2018,2,2018-09-16 13:00:00,"CLE",18,327,1,"NO",21,275,2,-3,3,39
2018,2,2018-09-16 13:00:00,"HOU",17,437,1,"TEN",20,283,0,-3,3,37
2018,2,2018-09-16 13:00:00,"IND",21,281,2,"WAS",9,334,1,12,12,30
2018,2,2018-09-16 13:00:00,"KC",42,449,1,"PIT",37,475,0,5,5,79
2018,2,2018-09-16 13:00:00,"LAC",31,349,0,"BUF",20,293,2,11,11,51
2018,2,2018-09-16 13:00:00,"MIA",20,257,2,"NYJ",12,362,3,8,8,32
2018,2,2018-09-16 13:00:00,"MIN",29,480,1,"GB",29,351,0,0,0,58
2018,2,2018-09-16 13:00:00,"PHI",21,412,2,"TB",27,436,2,-6,6,48
2018,2,2018-09-16 16:05:00,"ARI",0,137,1,"LAR",34,432,1,-34,34,34
2018,2,2018-09-16 16:05:00,"DET",27,427,1,"SF",30,346,0,-3,3,57
2018,2,2018-09-16 16:25:00,"NE",20,302,1,"JAC",31,480,2,-11,11,51
2018,2,2018-09-16 16:25:00,"LV",19,373,0,"DEN",20,385,1,-1,1,39
2018,2,2018-09-16 20:20:00,"NYG",13,255,1,"DAL",20,298,0,-7,7,33
2018,2,2018-09-17 20:15:00,"SEA",17,276,2,"CHI",24,271,2,-7,7,41
2018,3,2018-09-20 20:20:00,"NYJ",17,268,3,"CLE",21,323,0,-4,4,38
2018,3,2018-09-23 13:00:00,"BUF",27,292,0,"MIN",6,292,3,21,21,33
2018,3,2018-09-23 13:00:00,"CIN",21,396,4,"CAR",31,377,0,-10,10,52
2018,3,2018-09-23 13:00:00,"DEN",14,293,1,"BAL",27,342,0,-13,13,41
2018,3,2018-09-23 13:00:00,"GB",17,340,1,"WAS",31,386,1,-14,14,48
2018,3,2018-09-23 13:00:00,"IND",16,209,0,"PHI",20,379,2,-4,4,36
2018,3,2018-09-23 13:00:00,"NO",43,534,0,"ATL",37,407,0,6,6,80
2018,3,2018-09-23 13:00:00,"NYG",27,379,0,"HOU",22,427,2,5,5,49
2018,3,2018-09-23 13:00:00,"LV",20,434,2,"MIA",28,373,0,-8,8,48
2018,3,2018-09-23 13:00:00,"SF",27,406,0,"KC",38,384,0,-11,11,65
2018,3,2018-09-23 13:00:00,"TEN",9,233,0,"JAC",6,232,1,3,3,15
2018,3,2018-09-23 16:05:00,"LAC",23,356,2,"LAR",35,521,2,-12,12,58
2018,3,2018-09-23 16:25:00,"CHI",16,316,2,"ARI",14,221,4,2,2,30
2018,3,2018-09-23 16:25:00,"DAL",13,303,3,"SEA",24,295,0,-11,11,37
2018,3,2018-09-23 20:20:00,"NE",10,209,1,"DET",26,414,1,-16,16,36
2018,3,2018-09-24 20:15:00,"PIT",30,413,1,"TB",27,455,4,3,3,57
2018,4,2018-09-27 20:20:00,"MIN",31,446,1,"LAR",38,556,0,-7,7,69
2018,4,2018-09-30 13:00:00,"BUF",0,145,3,"GB",22,423,2,-22,22,22
2018,4,2018-09-30 13:00:00,"CIN",37,407,1,"ATL",36,495,0,1,1,73
2018,4,2018-09-30 13:00:00,"DET",24,382,0,"DAL",26,414,0,-2,2,50
2018,4,2018-09-30 13:00:00,"HOU",37,466,1,"IND",34,478,2,3,3,71
2018,4,2018-09-30 13:00:00,"MIA",7,172,2,"NE",38,449,2,-31,31,45
2018,4,2018-09-30 13:00:00,"NYJ",12,178,0,"JAC",31,503,3,-19,19,43
2018,4,2018-09-30 13:00:00,"PHI",23,432,1,"TEN",26,397,1,-3,3,49
2018,4,2018-09-30 13:00:00,"TB",10,311,3,"CHI",48,483,0,-38,38,58
2018,4,2018-09-30 16:05:00,"CLE",42,487,4,"LV",45,565,2,-3,3,87
2018,4,2018-09-30 16:05:00,"SEA",20,331,0,"ARI",17,263,1,3,3,37
2018,4,2018-09-30 16:25:00,"NO",33,389,0,"NYG",18,299,2,15,15,51
2018,4,2018-09-30 16:25:00,"SF",27,364,2,"LAC",29,368,1,-2,2,56
2018,4,2018-09-30 20:20:00,"BAL",26,451,1,"PIT",14,284,2,12,12,40
2018,4,2018-10-01 20:15:00,"KC",27,446,0,"DEN",23,385,1,4,4,50
2018,5,2018-10-04 20:20:00,"IND",24,439,3,"NE",38,438,2,-14,14,62
2018,5,2018-10-07 13:00:00,"ATL",17,324,1,"PIT",41,381,1,-24,24,58
2018,5,2018-10-07 13:00:00,"BAL",9,410,2,"CLE",12,416,1,-3,3,21
2018,5,2018-10-07 13:00:00,"DEN",16,436,1,"NYJ",34,512,2,-18,18,50
2018,5,2018-10-07 13:00:00,"GB",23,521,3,"DET",31,264,0,-8,8,54
2018,5,2018-10-07 13:00:00,"JAC",14,502,5,"KC",30,424,2,-16,16,44
2018,5,2018-10-07 13:00:00,"MIA",17,297,3,"CIN",27,332,1,-10,10,44
2018,5,2018-10-07 13:00:00,"NYG",31,432,3,"CAR",33,350,2,-2,2,64
2018,5,2018-10-07 13:00:00,"TEN",12,221,3,"BUF",13,223,1,-1,1,25
2018,5,2018-10-07 16:05:00,"LV",10,289,2,"LAC",26,412,0,-16,16,36
2018,5,2018-10-07 16:25:00,"ARI",28,220,0,"SF",18,447,5,10,10,46
2018,5,2018-10-07 16:25:00,"LAR",33,468,2,"SEA",31,373,0,2,2,64
2018,5,2018-10-07 16:25:00,"MIN",23,375,1,"PHI",21,364,2,2,2,44
2018,5,2018-10-07 20:20:00,"DAL",16,292,2,"HOU",19,462,2,-3,3,35
2018,5,2018-10-08 20:15:00,"WAS",19,283,2,"NO",43,447,1,-24,24,62
2018,6,2018-10-11 20:20:00,"PHI",34,379,0,"NYG",13,401,1,21,21,47
2018,6,2018-10-14 13:00:00,"ARI",17,268,2,"MIN",27,411,2,-10,10,44
2018,6,2018-10-14 13:00:00,"BUF",13,229,3,"HOU",20,216,3,-7,7,33
2018,6,2018-10-14 13:00:00,"CAR",17,350,3,"WAS",23,288,0,-6,6,40
2018,6,2018-10-14 13:00:00,"CHI",28,467,3,"MIA",31,541,3,-3,3,59
2018,6,2018-10-14 13:00:00,"IND",34,428,4,"NYJ",42,374,2,-8,8,76
2018,6,2018-10-14 13:00:00,"LAC",38,449,1,"CLE",14,317,2,24,24,52
2018,6,2018-10-14 13:00:00,"PIT",28,481,0,"CIN",21,275,0,7,7,49
2018,6,2018-10-14 13:00:00,"SEA",27,369,1,"LV",3,185,2,24,24,30
2018,6,2018-10-14 13:00:00,"TB",29,510,2,"ATL",34,417,0,-5,5,63
2018,6,2018-10-14 16:05:00,"LAR",23,444,1,"DEN",20,357,1,3,3,43
2018,6,2018-10-14 16:25:00,"BAL",21,361,1,"TEN",0,106,0,21,21,21
2018,6,2018-10-14 16:25:00,"JAC",7,204,2,"DAL",40,378,0,-33,33,47
2018,6,2018-10-14 20:20:00,"KC",40,446,2,"NE",43,500,1,-3,3,83
2018,6,2018-10-15 20:15:00,"SF",30,401,3,"GB",33,521,0,-3,3,63
2018,7,2018-10-18 20:20:00,"DEN",45,309,1,"ARI",10,223,5,35,35,55
2018,7,2018-10-21 09:30:00,"TEN",19,390,1,"LAC",20,344,0,-1,1,39
2018,7,2018-10-21 13:00:00,"BUF",5,303,5,"IND",37,376,0,-32,32,42
2018,7,2018-10-21 13:00:00,"CAR",21,371,0,"PHI",17,342,1,4,4,38
2018,7,2018-10-21 13:00:00,"CLE",23,305,1,"TB",26,456,4,-3,3,49
2018,7,2018-10-21 13:00:00,"DET",32,457,0,"MIA",21,322,0,11,11,53
2018,7,2018-10-21 13:00:00,"HOU",20,272,0,"JAC",7,259,3,13,13,27
2018,7,2018-10-21 13:00:00,"MIN",37,316,0,"NYJ",17,263,4,20,20,54
2018,7,2018-10-21 13:00:00,"NE",38,381,3,"CHI",31,453,2,7,7,69
2018,7,2018-10-21 16:05:00,"NO",24,339,1,"BAL",23,351,0,1,1,47
2018,7,2018-10-21 16:25:00,"DAL",17,323,2,"WAS",20,305,0,-3,3,37
2018,7,2018-10-21 16:25:00,"LAR",39,339,0,"SF",10,228,4,29,29,49
2018,7,2018-10-21 20:20:00,"CIN",10,239,1,"KC",45,551,1,-35,35,55
2018,7,2018-10-22 20:15:00,"NYG",20,433,0,"ATL",23,423,1,-3,3,43
2018,8,2018-10-25 20:20:00,"MIA",23,370,1,"HOU",42,427,0,-19,19,65
2018,8,2018-10-28 09:30:00,"PHI",24,395,2,"JAC",18,335,1,6,6,42
2018,8,2018-10-28 13:00:00,"BAL",21,325,3,"CAR",36,386,0,-15,15,57
2018,8,2018-10-28 13:00:00,"CLE",18,237,1,"PIT",33,421,2,-15,15,51
2018,8,2018-10-28 13:00:00,"DEN",23,411,2,"KC",30,340,1,-7,7,53
2018,8,2018-10-28 13:00:00,"NYJ",10,207,0,"CHI",24,395,0,-14,14,34
2018,8,2018-10-28 13:00:00,"SEA",28,413,0,"DET",14,331,3,14,14,42
2018,8,2018-10-28 13:00:00,"TB",34,576,4,"CIN",37,402,0,-3,3,71
2018,8,2018-10-28 13:00:00,"WAS",20,360,1,"NYG",13,303,2,7,7,33
2018,8,2018-10-28 16:05:00,"IND",42,461,0,"LV",28,347,1,14,14,70
2018,8,2018-10-28 16:25:00,"GB",27,359,1,"LAR",29,416,0,-2,2,56
2018,8,2018-10-28 16:25:00,"SF",15,267,0,"ARI",18,321,2,-3,3,33
2018,8,2018-10-28 20:20:00,"NO",30,270,1,"MIN",20,423,2,10,10,50
2018,8,2018-10-29 20:15:00,"NE",25,387,0,"BUF",6,333,2,19,19,31
2018,9,2018-11-01 20:20:00,"LV",3,242,0,"SF",34,405,0,-31,31,37
2018,9,2018-11-04 13:00:00,"ATL",38,491,1,"WAS",14,366,1,24,24,52
2018,9,2018-11-04 13:00:00,"CHI",41,190,1,"BUF",9,264,4,32,32,50
2018,9,2018-11-04 13:00:00,"DET",9,209,1,"MIN",24,283,2,-15,15,33
2018,9,2018-11-04 13:00:00,"KC",37,499,1,"CLE",21,388,1,16,16,58
2018,9,2018-11-04 13:00:00,"NYJ",6,282,4,"MIA",13,168,0,-7,7,19
2018,9,2018-11-04 13:00:00,"PIT",23,395,0,"BAL",16,265,0,7,7,39
2018,9,2018-11-04 13:00:00,"TB",28,301,2,"CAR",42,407,0,-14,14,70
2018,9,2018-11-04 16:05:00,"HOU",19,290,0,"DEN",17,348,1,2,2,36
2018,9,2018-11-04 16:05:00,"LAC",25,375,0,"SEA",17,356,1,8,8,42
2018,9,2018-11-04 16:25:00,"LAR",35,483,1,"NO",45,487,1,-10,10,80
2018,9,2018-11-04 20:20:00,"GB",17,367,1,"NE",31,433,0,-14,14,48
2018,9,2018-11-05 20:15:00,"TEN",28,340,2,"DAL",14,297,2,14,14,42
2018,10,2018-11-08 20:20:00,"CAR",21,242,2,"PIT",52,457,0,-31,31,73
2018,10,2018-11-11 13:00:00,"ARI",14,260,2,"KC",26,330,0,-12,12,40
2018,10,2018-11-11 13:00:00,"ATL",16,382,2,"CLE",28,427,1,-12,12,44
2018,10,2018-11-11 13:00:00,"BUF",41,451,0,"NYJ",10,199,2,31,31,51
2018,10,2018-11-11 13:00:00,"DET",22,305,3,"CHI",34,402,0,-12,12,56
2018,10,2018-11-11 13:00:00,"JAC",26,415,1,"IND",29,366,1,-3,3,55
2018,10,2018-11-11 13:00:00,"NE",10,284,0,"TEN",34,385,0,-24,24,44
2018,10,2018-11-11 13:00:00,"NO",51,509,0,"CIN",14,284,2,37,37,65
2018,10,2018-11-11 13:00:00,"WAS",16,286,0,"TB",3,501,4,13,13,19
2018,10,2018-11-11 16:05:00,"LAC",20,335,1,"LV",6,317,1,14,14,26
2018,10,2018-11-11 16:25:00,"MIA",12,294,2,"GB",31,377,1,-19,19,43
2018,10,2018-11-11 16:25:00,"SEA",31,414,1,"LAR",36,456,0,-5,5,67
2018,10,2018-11-11 20:20:00,"DAL",27,410,0,"PHI",20,421,1,7,7,47
2018,10,2018-11-12 20:15:00,"NYG",27,277,0,"SF",23,374,2,4,4,50
2018,11,2018-11-15 20:20:00,"GB",24,359,0,"SEA",27,378,1,-3,3,51
2018,11,2018-11-18 13:00:00,"CAR",19,387,1,"DET",20,309,0,-1,1,39
2018,11,2018-11-18 13:00:00,"CIN",21,255,0,"BAL",24,403,1,-3,3,45
2018,11,2018-11-18 13:00:00,"DAL",22,323,0,"ATL",19,354,1,3,3,41
2018,11,2018-11-18 13:00:00,"HOU",23,320,3,"WAS",21,278,2,2,2,44
2018,11,2018-11-18 13:00:00,"PIT",20,323,3,"JAC",16,243,1,4,4,36
2018,11,2018-11-18 13:00:00,"TB",35,510,4,"NYG",38,359,0,-3,3,73
2018,11,2018-11-18 13:00:00,"TEN",10,267,2,"IND",38,397,0,-28,28,48
2018,11,2018-11-18 16:05:00,"DEN",23,325,0,"LAC",22,479,2,1,1,45
2018,11,2018-11-18 16:05:00,"LV",23,325,0,"ARI",21,282,2,2,2,44
2018,11,2018-11-18 16:25:00,"PHI",7,196,3,"NO",48,546,0,-41,41,55
2018,11,2018-11-18 20:20:00,"MIN",20,268,3,"CHI",25,308,3,-5,5,45
2018,11,2018-11-19 20:15:00,"KC",51,546,5,"LAR",54,455,2,-3,3,105
2018,12,2018-11-22 12:30:00,"CHI",23,264,1,"DET",16,333,2,7,7,39
2018,12,2018-11-22 16:30:00,"WAS",23,331,3,"DAL",31,404,0,-8,8,54
2018,12,2018-11-22 20:20:00,"ATL",17,366,4,"NO",31,312,1,-14,14,48
2018,12,2018-11-25 13:00:00,"CLE",35,342,0,"CIN",20,372,2,15,15,55
2018,12,2018-11-25 13:00:00,"JAC",21,333,2,"BUF",24,327,0,-3,3,45
2018,12,2018-11-25 13:00:00,"NE",27,498,0,"NYJ",13,338,1,14,14,40
2018,12,2018-11-25 13:00:00,"NYG",22,402,1,"PHI",25,341,0,-3,3,47
2018,12,2018-11-25 13:00:00,"LV",17,249,1,"BAL",34,416,2,-17,17,51
2018,12,2018-11-25 13:00:00,"SF",9,342,2,"TB",27,412,0,-18,18,36
2018,12,2018-11-25 13:00:00,"SEA",30,397,0,"CAR",27,476,1,3,3,57
2018,12,2018-11-25 16:05:00,"ARI",10,149,1,"LAC",45,414,1,-35,35,55
2018,12,2018-11-25 16:25:00,"MIA",24,314,1,"IND",27,455,3,-3,3,51
2018,12,2018-11-25 16:25:00,"PIT",17,527,4,"DEN",24,308,0,-7,7,41
2018,12,2018-11-25 20:20:00,"GB",17,254,1,"MIN",24,416,0,-7,7,41
2018,12,2018-11-26 20:15:00,"TEN",17,365,1,"HOU",34,462,0,-17,17,51
2018,13,2018-11-29 20:20:00,"NO",10,176,1,"DAL",13,308,2,-3,3,23
2018,13,2018-12-02 13:00:00,"ARI",20,315,0,"GB",17,325,0,3,3,37
2018,13,2018-12-02 13:00:00,"BAL",26,366,1,"ATL",16,131,1,10,10,42
2018,13,2018-12-02 13:00:00,"BUF",17,415,3,"MIA",21,175,1,-4,4,38
2018,13,2018-12-02 13:00:00,"CAR",17,444,4,"TB",24,315,1,-7,7,41
2018,13,2018-12-02 13:00:00,"CHI",27,376,3,"NYG",30,338,1,-3,3,57
2018,13,2018-12-02 13:00:00,"CLE",13,428,4,"HOU",29,384,0,-16,16,42
2018,13,2018-12-02 13:00:00,"DEN",24,361,1,"CIN",10,313,3,14,14,34
2018,13,2018-12-02 13:00:00,"IND",0,265,2,"JAC",6,211,1,-6,6,6
2018,13,2018-12-02 13:00:00,"LAR",30,344,2,"DET",16,310,2,14,14,46
2018,13,2018-12-02 16:05:00,"KC",40,469,1,"LV",33,442,3,7,7,73
2018,13,2018-12-02 16:05:00,"NYJ",22,280,1,"TEN",26,403,1,-4,4,48
2018,13,2018-12-02 16:25:00,"MIN",10,278,2,"NE",24,471,1,-14,14,34
2018,13,2018-12-02 16:25:00,"SF",16,452,3,"SEA",43,331,0,-27,27,59
2018,13,2018-12-02 20:20:00,"LAC",33,371,0,"PIT",30,336,1,3,3,63
2018,13,2018-12-03 20:15:00,"WAS",13,235,1,"PHI",28,436,1,-15,15,41
2018,14,2018-12-06 20:20:00,"JAC",9,255,1,"TEN",30,426,1,-21,21,39
2018,14,2018-12-09 13:00:00,"ATL",20,344,2,"GB",34,300,0,-14,14,54
2018,14,2018-12-09 13:00:00,"BAL",24,321,1,"KC",27,442,1,-3,3,51
2018,14,2018-12-09 13:00:00,"CAR",20,393,1,"CLE",26,348,2,-6,6,46
2018,14,2018-12-09 13:00:00,"IND",24,436,1,"HOU",21,315,0,3,3,45
2018,14,2018-12-09 13:00:00,"NE",33,421,0,"MIA",34,412,0,-1,1,67
2018,14,2018-12-09 13:00:00,"NO",28,298,2,"TB",14,279,1,14,14,42
2018,14,2018-12-09 13:00:00,"NYG",40,402,1,"WAS",16,288,3,24,24,56
2018,14,2018-12-09 13:00:00,"NYJ",27,248,2,"BUF",23,368,3,4,4,50
2018,14,2018-12-09 16:05:00,"CIN",21,295,0,"LAC",26,288,0,-5,5,47
2018,14,2018-12-09 16:05:00,"DEN",14,274,0,"SF",20,389,1,-6,6,34
2018,14,2018-12-09 16:25:00,"DET",17,218,1,"ARI",3,279,1,14,14,20
2018,14,2018-12-09 16:25:00,"PHI",23,256,1,"DAL",29,576,3,-6,6,52
2018,14,2018-12-09 16:25:00,"PIT",21,340,1,"LV",24,354,1,-3,3,45
2018,14,2018-12-09 20:20:00,"LAR",6,214,4,"CHI",15,294,3,-9,9,21
2018,14,2018-12-10 20:15:00,"MIN",7,276,1,"SEA",21,274,1,-14,14,28
2018,15,2018-12-13 20:20:00,"LAC",29,407,2,"KC",28,294,0,1,1,57
2018,15,2018-12-15 16:30:00,"HOU",29,286,0,"NYJ",22,318,1,7,7,51
2018,15,2018-12-15 20:20:00,"CLE",17,309,2,"DEN",16,270,2,1,1,33
2018,15,2018-12-16 13:00:00,"ARI",14,253,3,"ATL",40,435,0,-26,26,54
2018,15,2018-12-16 13:00:00,"DAL",0,292,1,"IND",23,370,1,-23,23,23
2018,15,2018-12-16 13:00:00,"DET",13,313,0,"BUF",14,312,0,-1,1,27
2018,15,2018-12-16 13:00:00,"GB",17,323,1,"CHI",24,332,1,-7,7,41
2018,15,2018-12-16 13:00:00,"MIA",17,193,0,"MIN",41,418,1,-24,24,58
2018,15,2018-12-16 13:00:00,"LV",16,297,2,"CIN",30,294,1,-14,14,46
2018,15,2018-12-16 13:00:00,"TB",12,241,1,"BAL",20,370,2,-8,8,32
2018,15,2018-12-16 13:00:00,"TEN",17,301,0,"NYG",0,260,2,17,17,17
2018,15,2018-12-16 13:00:00,"WAS",16,245,0,"JAC",13,192,2,3,3,29
2018,15,2018-12-16 16:05:00,"SEA",23,385,0,"SF",26,351,1,-3,3,49
2018,15,2018-12-16 16:25:00,"NE",10,368,1,"PIT",17,376,2,-7,7,27
2018,15,2018-12-16 20:20:00,"PHI",30,381,1,"LAR",23,407,3,7,7,53
2018,15,2018-12-17 20:15:00,"NO",12,346,2,"CAR",9,247,2,3,3,21
2018,16,2018-12-22 16:30:00,"WAS",16,292,2,"TEN",25,291,0,-9,9,41
2018,16,2018-12-22 20:20:00,"BAL",22,361,1,"LAC",10,198,3,12,12,32
2018,16,2018-12-23 13:00:00,"ATL",24,427,2,"CAR",10,436,4,14,14,34
2018,16,2018-12-23 13:00:00,"BUF",12,289,3,"NE",24,390,3,-12,12,36
2018,16,2018-12-23 13:00:00,"CIN",18,209,0,"CLE",26,493,0,-8,8,44
2018,16,2018-12-23 13:00:00,"GB",44,540,1,"NYJ",38,370,0,6,6,82
2018,16,2018-12-23 13:00:00,"HOU",30,371,1,"PHI",32,519,3,-2,2,62
2018,16,2018-12-23 13:00:00,"JAC",17,244,1,"MIA",7,183,2,10,10,24
2018,16,2018-12-23 13:00:00,"MIN",27,340,0,"DET",9,223,0,18,18,36
2018,16,2018-12-23 13:00:00,"NYG",27,392,1,"IND",28,402,1,-1,1,55
2018,16,2018-12-23 13:00:00,"TB",20,383,2,"DAL",27,232,0,-7,7,47
2018,16,2018-12-23 16:05:00,"CHI",14,325,2,"SF",9,279,1,5,5,23
2018,16,2018-12-23 16:05:00,"LAR",31,461,1,"ARI",9,263,0,22,22,40
2018,16,2018-12-23 16:25:00,"PIT",28,429,2,"NO",31,370,1,-3,3,59
2018,16,2018-12-23 20:20:00,"KC",31,419,2,"SEA",38,464,0,-7,7,69
2018,16,2018-12-24 20:15:00,"DEN",14,300,2,"LV",27,273,0,-13,13,41
2018,17,2018-12-30 13:00:00,"ATL",34,489,1,"TB",32,433,1,2,2,66
2018,17,2018-12-30 13:00:00,"CAR",33,374,0,"NO",14,294,1,19,19,47
2018,17,2018-12-30 13:00:00,"DAL",36,419,1,"NYG",35,441,2,1,1,71
2018,17,2018-12-30 13:00:00,"DET",31,402,0,"GB",0,175,1,31,31,31
2018,17,2018-12-30 13:00:00,"JAC",3,119,2,"HOU",20,342,1,-17,17,23
2018,17,2018-12-30 13:00:00,"MIA",17,225,4,"BUF",42,381,1,-25,25,59
2018,17,2018-12-30 13:00:00,"NYJ",3,239,3,"NE",38,375,0,-35,35,41
2018,17,2018-12-30 16:25:00,"ARI",24,198,2,"SEA",27,291,1,-3,3,51
2018,17,2018-12-30 16:25:00,"CHI",24,332,0,"MIN",10,164,0,14,14,34
2018,17,2018-12-30 16:25:00,"CIN",13,196,0,"PIT",16,343,1,-3,3,29
2018,17,2018-12-30 16:25:00,"CLE",24,426,3,"BAL",26,463,1,-2,2,50
2018,17,2018-12-30 16:25:00,"LAC",23,276,4,"DEN",9,370,4,14,14,32
2018,17,2018-12-30 16:25:00,"LV",3,292,4,"KC",35,409,1,-32,32,38
2018,17,2018-12-30 16:25:00,"PHI",24,360,1,"WAS",0,89,1,24,24,24
2018,17,2018-12-30 16:25:00,"SF",32,391,4,"LAR",48,377,0,-16,16,80
2018,17,2018-12-30 20:20:00,"IND",33,436,2,"TEN",17,258,3,16,16,50
2018,101,2019-01-05 16:35:00,"IND",21,422,1,"HOU",7,322,1,14,14,28
2018,101,2019-01-05 20:15:00,"SEA",22,299,0,"DAL",24,380,1,-2,2,46
2018,101,2019-01-06 13:05:00,"LAC",23,243,1,"BAL",17,229,3,6,6,40
2018,101,2019-01-06 16:40:00,"PHI",16,300,2,"CHI",15,356,0,1,1,31
2018,102,2019-01-12 16:35:00,"IND",13,266,1,"KC",31,433,1,-18,18,44
2018,102,2019-01-12 20:15:00,"DAL",22,308,0,"LAR",30,459,0,-8,8,52
2018,102,2019-01-13 13:05:00,"LAC",28,335,2,"NE",41,498,0,-13,13,69
2018,102,2019-01-13 16:40:00,"PHI",14,250,2,"NO",20,420,1,-6,6,34
2018,103,2019-01-20 15:05:00,"LAR",26,378,1,"NO",23,290,1,3,3,49
2018,103,2019-01-20 18:40:00,"NE",37,524,2,"KC",31,290,0,6,6,68
2018,104,2019-02-03 18:30:00,"LAR",3,260,1,"NE",13,407,1,-10,10,16
2019,1,2019-09-05 20:20:00,"GB",10,213,0,"CHI",3,254,1,7,7,13
2019,1,2019-09-08 13:00:00,"ATL",12,345,3,"MIN",28,269,0,-16,16,40
2019,1,2019-09-08 13:00:00,"BAL",59,643,0,"MIA",10,200,3,49,49,69
2019,1,2019-09-08 13:00:00,"BUF",17,370,4,"NYJ",16,223,1,1,1,33
2019,1,2019-09-08 13:00:00,"KC",40,491,0,"JAC",26,428,2,14,14,66
2019,1,2019-09-08 13:00:00,"LAR",30,349,1,"CAR",27,343,3,3,3,57
2019,1,2019-09-08 13:00:00,"TEN",43,339,0,"CLE",13,346,3,30,30,56
2019,1,2019-09-08 13:00:00,"WAS",27,398,0,"PHI",32,436,0,-5,5,59
2019,1,2019-09-08 16:05:00,"CIN",20,429,3,"SEA",21,232,1,-1,1,41
2019,1,2019-09-08 16:05:00,"IND",24,376,0,"LAC",30,435,2,-6,6,54
2019,1,2019-09-08 16:25:00,"DET",27,477,2,"ARI",27,387,1,0,0,54
2019,1,2019-09-08 16:25:00,"NYG",17,470,2,"DAL",35,494,0,-18,18,52
2019,1,2019-09-08 16:25:00,"SF",31,256,2,"TB",17,295,4,14,14,48
2019,1,2019-09-08 20:20:00,"PIT",3,308,1,"NE",33,465,0,-30,30,36
2019,1,2019-09-09 19:10:00,"HOU",28,414,1,"NO",30,510,1,-2,2,58
2019,1,2019-09-09 22:20:00,"DEN",16,344,0,"LV",24,357,0,-8,8,40
2019,2,2019-09-12 20:20:00,"TB",20,289,0,"CAR",14,352,1,6,6,34
2019,2,2019-09-15 13:00:00,"ARI",17,349,0,"BAL",23,440,0,-6,6,40
2019,2,2019-09-15 13:00:00,"BUF",28,388,0,"NYG",14,370,2,14,14,42
2019,2,2019-09-15 13:00:00,"DAL",31,474,1,"WAS",21,255,0,10,10,52
2019,2,2019-09-15 13:00:00,"IND",19,288,2,"TEN",17,243,0,2,2,36
2019,2,2019-09-15 13:00:00,"JAC",12,281,1,"HOU",13,263,0,-1,1,25
2019,2,2019-09-15 13:00:00,"LAC",10,424,2,"DET",13,339,2,-3,3,23
2019,2,2019-09-15 13:00:00,"MIN",16,421,4,"GB",21,335,2,-5,5,37
2019,2,2019-09-15 13:00:00,"NE",43,379,1,"MIA",0,184,4,43,43,43
2019,2,2019-09-15 13:00:00,"SF",41,571,1,"CIN",17,316,1,24,24,58
2019,2,2019-09-15 13:00:00,"SEA",28,425,2,"PIT",26,261,1,2,2,54
2019,2,2019-09-15 16:05:00,"KC",28,467,1,"LV",10,307,2,18,18,38
2019,2,2019-09-15 16:25:00,"CHI",16,273,0,"DEN",14,372,1,2,2,30
2019,2,2019-09-15 16:25:00,"NO",9,244,1,"LAR",27,380,1,-18,18,36
2019,2,2019-09-15 20:20:00,"PHI",20,286,3,"ATL",24,367,3,-4,4,44
2019,2,2019-09-16 20:15:00,"CLE",23,375,1,"NYJ",3,262,1,20,20,26
2019,3,2019-09-19 20:20:00,"TEN",7,340,1,"JAC",20,292,0,-13,13,27
2019,3,2019-09-22 13:00:00,"ATL",24,397,1,"IND",27,379,0,-3,3,51
2019,3,2019-09-22 13:00:00,"BAL",28,452,0,"KC",33,503,0,-5,5,61
2019,3,2019-09-22 13:00:00,"CIN",17,306,4,"BUF",21,416,2,-4,4,38
2019,3,2019-09-22 13:00:00,"DEN",16,310,3,"GB",27,312,0,-11,11,43
2019,3,2019-09-22 13:00:00,"DET",27,287,0,"PHI",24,373,2,3,3,51
2019,3,2019-09-22 13:00:00,"MIA",6,283,1,"DAL",31,476,1,-25,25,37
2019,3,2019-09-22 13:00:00,"NYJ",14,105,1,"NE",30,381,2,-16,16,44
2019,3,2019-09-22 13:00:00,"LV",14,302,1,"MIN",34,385,0,-20,20,48
2019,3,2019-09-22 16:05:00,"CAR",38,413,1,"ARI",20,248,2,18,18,58
2019,3,2019-09-22 16:05:00,"NYG",32,384,2,"TB",31,499,1,1,1,63
2019,3,2019-09-22 16:25:00,"HOU",27,376,1,"LAC",20,366,1,7,7,47
2019,3,2019-09-22 16:25:00,"NO",33,265,1,"SEA",27,514,1,6,6,60
2019,3,2019-09-22 16:25:00,"PIT",20,239,2,"SF",24,436,5,-4,4,44
2019,3,2019-09-22 20:20:00,"LAR",20,344,3,"CLE",13,270,1,7,7,33
2019,3,2019-09-23 20:15:00,"CHI",31,298,1,"WAS",15,356,5,16,16,46
2019,4,2019-09-26 20:20:00,"PHI",34,336,0,"GB",27,491,2,7,7,61
2019,4,2019-09-29 13:00:00,"CAR",16,297,3,"HOU",10,264,2,6,6,26
2019,4,2019-09-29 13:00:00,"CLE",40,530,1,"BAL",25,395,3,15,15,65
2019,4,2019-09-29 13:00:00,"KC",34,438,3,"DET",30,447,2,4,4,64
2019,4,2019-09-29 13:00:00,"LAC",30,390,0,"MIA",10,233,1,20,20,40
2019,4,2019-09-29 13:00:00,"NE",16,224,1,"BUF",10,375,4,6,6,26
2019,4,2019-09-29 13:00:00,"LV",31,377,1,"IND",24,346,2,7,7,55
2019,4,2019-09-29 13:00:00,"TEN",24,365,0,"ATL",10,422,1,14,14,34
2019,4,2019-09-29 13:00:00,"WAS",3,176,4,"NYG",24,389,4,-21,21,27
2019,4,2019-09-29 16:05:00,"SEA",27,340,0,"ARI",10,321,1,17,17,37
2019,4,2019-09-29 16:05:00,"TB",55,464,1,"LAR",40,518,4,15,15,95
2019,4,2019-09-29 16:25:00,"JAC",26,455,0,"DEN",24,371,1,2,2,50
2019,4,2019-09-29 16:25:00,"MIN",6,222,2,"CHI",16,269,0,-10,10,22
2019,4,2019-09-29 20:20:00,"DAL",10,257,3,"NO",12,266,1,-2,2,22
2019,4,2019-09-30 20:15:00,"CIN",3,175,2,"PIT",27,326,1,-24,24,30
2019,5,2019-10-03 20:20:00,"LAR",29,477,2,"SEA",30,429,1,-1,1,59
2019,5,2019-10-06 13:00:00,"ARI",26,514,0,"CIN",23,370,0,3,3,49
2019,5,2019-10-06 13:00:00,"ATL",32,373,1,"HOU",53,592,1,-21,21,85
2019,5,2019-10-06 13:00:00,"BAL",26,277,3,"PIT",23,269,2,3,3,49
2019,5,2019-10-06 13:00:00,"BUF",14,313,1,"TEN",7,252,0,7,7,21
2019,5,2019-10-06 13:00:00,"CHI",21,236,2,"LV",24,398,2,-3,3,45
2019,5,2019-10-06 13:00:00,"JAC",27,507,3,"CAR",34,445,0,-7,7,61
2019,5,2019-10-06 13:00:00,"MIN",28,490,1,"NYG",10,211,1,18,18,38
2019,5,2019-10-06 13:00:00,"NE",33,442,1,"WAS",7,223,2,26,26,40
2019,5,2019-10-06 13:00:00,"NYJ",6,128,3,"PHI",31,265,1,-25,25,37
2019,5,2019-10-06 13:00:00,"TB",24,252,0,"NO",31,457,1,-7,7,55
2019,5,2019-10-06 16:05:00,"DEN",20,350,2,"LAC",13,246,3,7,7,33
2019,5,2019-10-06 16:25:00,"GB",34,335,0,"DAL",24,563,3,10,10,58
2019,5,2019-10-06 20:20:00,"IND",19,331,1,"KC",13,324,1,6,6,32
2019,5,2019-10-07 20:15:00,"CLE",3,180,4,"SF",31,446,0,-28,28,34
2019,6,2019-10-10 20:20:00,"NYG",14,213,4,"NE",35,427,2,-21,21,49
2019,6,2019-10-13 09:30:00,"CAR",37,268,1,"TB",26,407,7,11,11,63
2019,6,2019-10-13 13:00:00,"CIN",17,250,1,"BAL",23,497,1,-6,6,40
2019,6,2019-10-13 13:00:00,"HOU",31,472,3,"KC",24,309,2,7,7,55
2019,6,2019-10-13 13:00:00,"NO",13,326,0,"JAC",6,226,1,7,7,19
2019,6,2019-10-13 13:00:00,"PHI",20,400,3,"MIN",38,447,2,-18,18,58
2019,6,2019-10-13 13:00:00,"SEA",32,454,1,"CLE",28,406,4,4,4,60
2019,6,2019-10-13 13:00:00,"WAS",17,311,0,"MIA",16,271,2,1,1,33
2019,6,2019-10-13 16:05:00,"ATL",33,444,0,"ARI",34,442,0,-1,1,67
2019,6,2019-10-13 16:05:00,"SF",20,331,2,"LAR",7,157,1,13,13,27
2019,6,2019-10-13 16:25:00,"DAL",22,399,0,"NYJ",24,382,1,-2,2,46
2019,6,2019-10-13 16:25:00,"TEN",0,204,3,"DEN",16,270,1,-16,16,16
2019,6,2019-10-13 20:20:00,"PIT",24,256,1,"LAC",17,348,3,7,7,41
2019,6,2019-10-14 20:15:00,"DET",22,299,0,"GB",23,447,3,-1,1,45
2019,7,2019-10-17 20:20:00,"KC",30,271,0,"DEN",6,205,1,24,24,36
2019,7,2019-10-20 13:00:00,"ARI",27,245,0,"NYG",21,263,3,6,6,48
2019,7,2019-10-20 13:00:00,"HOU",23,391,2,"IND",30,383,1,-7,7,53
2019,7,2019-10-20 13:00:00,"JAC",27,460,0,"CIN",17,291,4,10,10,44
2019,7,2019-10-20 13:00:00,"LAR",37,381,0,"ATL",10,224,3,27,27,47
2019,7,2019-10-20 13:00:00,"MIA",21,381,2,"BUF",31,305,0,-10,10,52
2019,7,2019-10-20 13:00:00,"MIN",42,504,0,"DET",30,433,1,12,12,72
2019,7,2019-10-20 13:00:00,"LV",24,484,2,"GB",42,481,0,-18,18,66
2019,7,2019-10-20 13:00:00,"SF",9,283,1,"WAS",0,154,1,9,9,9
2019,7,2019-10-20 16:05:00,"LAC",20,365,1,"TEN",23,403,1,-3,3,43
2019,7,2019-10-20 16:25:00,"BAL",30,340,0,"SEA",16,347,2,14,14,46
2019,7,2019-10-20 16:25:00,"NO",36,424,0,"CHI",25,252,2,11,11,61
2019,7,2019-10-20 20:20:00,"PHI",10,283,4,"DAL",37,402,1,-27,27,47
2019,7,2019-10-21 20:15:00,"NE",33,323,1,"NYJ",0,154,6,33,33,33
2019,8,2019-10-24 20:20:00,"WAS",9,216,2,"MIN",19,434,1,-10,10,28
2019,8,2019-10-27 13:00:00,"ARI",9,237,0,"NO",31,510,1,-22,22,40
2019,8,2019-10-27 13:00:00,"CIN",10,401,0,"LAR",24,470,0,-14,14,34
2019,8,2019-10-27 13:00:00,"DEN",13,279,0,"IND",15,318,1,-2,2,28
2019,8,2019-10-27 13:00:00,"LAC",17,231,1,"CHI",16,388,2,1,1,33
2019,8,2019-10-27 13:00:00,"NYG",26,370,1,"DET",31,375,2,-5,5,57
2019,8,2019-10-27 13:00:00,"NYJ",15,213,3,"JAC",29,389,1,-14,14,44
2019,8,2019-10-27 13:00:00,"PHI",31,371,1,"BUF",13,253,1,18,18,44
2019,8,2019-10-27 13:00:00,"SEA",27,322,0,"ATL",20,510,3,7,7,47
2019,8,2019-10-27 13:00:00,"TB",23,389,4,"TEN",27,246,1,-4,4,50
2019,8,2019-10-27 16:05:00,"CAR",13,230,3,"SF",51,388,1,-38,38,64
2019,8,2019-10-27 16:25:00,"CLE",13,310,3,"NE",27,318,0,-14,14,40
2019,8,2019-10-27 16:25:00,"LV",24,378,0,"HOU",27,388,0,-3,3,51
2019,8,2019-10-27 20:20:00,"GB",31,374,0,"KC",24,337,1,7,7,55
2019,8,2019-10-28 20:15:00,"MIA",14,230,4,"PIT",27,394,1,-13,13,41
2019,9,2019-10-31 20:20:00,"SF",28,411,0,"ARI",25,357,0,3,3,53
2019,9,2019-11-03 09:30:00,"HOU",26,410,1,"JAC",3,356,4,23,23,29
2019,9,2019-11-03 13:00:00,"CHI",14,164,1,"PHI",22,373,0,-8,8,36
2019,9,2019-11-03 13:00:00,"IND",24,328,3,"PIT",26,273,2,-2,2,50
2019,9,2019-11-03 13:00:00,"MIN",23,308,0,"KC",26,377,1,-3,3,49
2019,9,2019-11-03 13:00:00,"NYJ",18,321,1,"MIA",26,316,0,-8,8,44
2019,9,2019-11-03 13:00:00,"TEN",20,431,3,"CAR",30,370,1,-10,10,50
2019,9,2019-11-03 13:00:00,"WAS",9,243,0,"BUF",24,268,0,-15,15,33
2019,9,2019-11-03 16:05:00,"DET",24,473,2,"LV",31,450,0,-7,7,55
2019,9,2019-11-03 16:05:00,"TB",34,418,1,"SEA",40,492,1,-6,6,74
2019,9,2019-11-03 16:25:00,"CLE",19,351,0,"DEN",24,302,1,-5,5,43
2019,9,2019-11-03 16:25:00,"GB",11,184,0,"LAC",26,442,0,-15,15,37
2019,9,2019-11-03 20:20:00,"NE",20,342,2,"BAL",37,372,2,-17,17,57
2019,9,2019-11-04 20:15:00,"DAL",37,429,2,"NYG",18,271,3,19,19,55
2019,10,2019-11-07 20:20:00,"LAC",24,315,3,"LV",26,278,0,-2,2,50
2019,10,2019-11-10 13:00:00,"ARI",27,417,2,"TB",30,457,3,-3,3,57
2019,10,2019-11-10 13:00:00,"ATL",26,317,1,"NO",9,310,0,17,17,35
2019,10,2019-11-10 13:00:00,"BAL",49,379,1,"CIN",13,307,3,36,36,62
2019,10,2019-11-10 13:00:00,"BUF",16,344,0,"CLE",19,368,0,-3,3,35
2019,10,2019-11-10 13:00:00,"DET",13,357,1,"CHI",20,226,0,-7,7,33
2019,10,2019-11-10 13:00:00,"KC",32,530,1,"TEN",35,371,1,-3,3,67
2019,10,2019-11-10 13:00:00,"NYG",27,281,2,"NYJ",34,294,0,-7,7,61
2019,10,2019-11-10 16:05:00,"MIA",16,229,2,"IND",12,300,3,4,4,28
2019,10,2019-11-10 16:25:00,"CAR",16,401,2,"GB",24,388,0,-8,8,40
2019,10,2019-11-10 16:25:00,"LAR",12,306,4,"PIT",17,273,2,-5,5,29
2019,10,2019-11-10 20:20:00,"MIN",28,364,0,"DAL",24,443,1,4,4,52
2019,10,2019-11-11 20:15:00,"SEA",27,336,4,"SF",24,302,3,3,3,51
2019,11,2019-11-14 20:20:00,"PIT",7,236,4,"CLE",21,293,0,-14,14,28
2019,11,2019-11-17 13:00:00,"ATL",29,349,0,"CAR",3,347,4,26,26,32
2019,11,2019-11-17 13:00:00,"BUF",37,424,0,"MIA",20,303,1,17,17,57
2019,11,2019-11-17 13:00:00,"DAL",35,509,1,"DET",27,312,0,8,8,62
2019,11,2019-11-17 13:00:00,"DEN",23,394,1,"MIN",27,321,2,-4,4,50
2019,11,2019-11-17 13:00:00,"HOU",7,232,2,"BAL",41,491,0,-34,34,48
2019,11,2019-11-17 13:00:00,"JAC",13,308,1,"IND",33,389,2,-20,20,46
2019,11,2019-11-17 13:00:00,"NO",34,328,0,"TB",17,334,4,17,17,51
2019,11,2019-11-17 13:00:00,"NYJ",34,400,2,"WAS",17,225,1,17,17,51
2019,11,2019-11-17 16:05:00,"ARI",26,266,2,"SF",36,442,2,-10,10,62
2019,11,2019-11-17 16:25:00,"CIN",10,246,2,"LV",17,386,2,-7,7,27
2019,11,2019-11-17 16:25:00,"NE",17,298,0,"PHI",10,255,1,7,7,27
2019,11,2019-11-17 20:20:00,"CHI",7,267,1,"LAR",17,283,2,-10,10,24
2019,11,2019-11-18 20:15:00,"KC",24,310,1,"LAC",17,438,4,7,7,41
2019,12,2019-11-21 20:20:00,"IND",17,296,0,"HOU",20,396,1,-3,3,37
2019,12,2019-11-24 13:00:00,"CAR",31,351,1,"NO",34,418,1,-3,3,65
2019,12,2019-11-24 13:00:00,"DEN",3,134,1,"BUF",20,424,1,-17,17,23
2019,12,2019-11-24 13:00:00,"DET",16,364,4,"WAS",19,230,2,-3,3,35
2019,12,2019-11-24 13:00:00,"MIA",24,284,2,"CLE",41,467,1,-17,17,65
2019,12,2019-11-24 13:00:00,"NYG",14,243,1,"CHI",19,335,2,-5,5,33
2019,12,2019-11-24 13:00:00,"LV",3,208,2,"NYJ",34,401,1,-31,31,37
2019,12,2019-11-24 13:00:00,"PIT",16,338,1,"CIN",10,244,2,6,6,26
2019,12,2019-11-24 13:00:00,"SEA",17,348,2,"PHI",9,344,5,8,8,26
2019,12,2019-11-24 13:00:00,"TB",35,446,2,"ATL",22,337,2,13,13,57
2019,12,2019-11-24 16:05:00,"JAC",20,369,1,"TEN",42,471,2,-22,22,62
2019,12,2019-11-24 16:25:00,"DAL",9,321,1,"NE",13,282,0,-4,4,22
2019,12,2019-11-24 20:20:00,"GB",8,198,1,"SF",37,339,0,-29,29,45
2019,12,2019-11-25 20:15:00,"BAL",45,480,0,"LAR",6,221,2,39,39,51
2019,13,2019-11-28 12:30:00,"CHI",24,419,1,"DET",20,364,1,4,4,44
2019,13,2019-11-28 16:30:00,"BUF",26,356,0,"DAL",15,426,2,11,11,41
2019,13,2019-11-28 20:20:00,"NO",26,279,0,"ATL",18,348,3,8,8,44
2019,13,2019-12-01 13:00:00,"CLE",13,279,2,"PIT",20,323,1,-7,7,33
2019,13,2019-12-01 13:00:00,"GB",31,322,0,"NYG",13,335,3,18,18,44
2019,13,2019-12-01 13:00:00,"NYJ",6,271,0,"CIN",22,277,0,-16,16,28
2019,13,2019-12-01 13:00:00,"PHI",31,386,1,"MIA",37,409,1,-6,6,68
2019,13,2019-12-01 13:00:00,"SF",17,331,1,"BAL",20,283,1,-3,3,37
2019,13,2019-12-01 13:00:00,"TB",28,315,1,"JAC",11,242,4,17,17,39
2019,13,2019-12-01 13:00:00,"TEN",31,292,2,"IND",17,391,3,14,14,48
2019,13,2019-12-01 13:00:00,"WAS",29,362,0,"CAR",21,278,2,8,8,50
2019,13,2019-12-01 16:05:00,"LAR",34,549,0,"ARI",7,198,1,27,27,41
2019,13,2019-12-01 16:25:00,"LAC",20,359,2,"DEN",23,218,1,-3,3,43
2019,13,2019-12-01 16:25:00,"LV",9,332,3,"KC",40,259,0,-31,31,49
2019,13,2019-12-01 20:20:00,"NE",22,448,1,"HOU",28,276,0,-6,6,50
2019,13,2019-12-02 20:15:00,"MIN",30,354,3,"SEA",37,444,2,-7,7,67
2019,14,2019-12-05 20:20:00,"DAL",24,408,0,"CHI",31,382,2,-7,7,55
2019,14,2019-12-08 13:00:00,"BAL",24,257,1,"BUF",17,209,1,7,7,41
2019,14,2019-12-08 13:00:00,"CAR",20,345,4,"ATL",40,461,0,-20,20,60
2019,14,2019-12-08 13:00:00,"CIN",19,451,1,"CLE",27,333,2,-8,8,46
2019,14,2019-12-08 13:00:00,"DEN",38,391,1,"HOU",24,414,3,14,14,62
2019,14,2019-12-08 13:00:00,"DET",7,231,2,"MIN",20,354,0,-13,13,27
2019,14,2019-12-08 13:00:00,"IND",35,309,1,"TB",38,542,4,-3,3,73
2019,14,2019-12-08 13:00:00,"MIA",21,362,1,"NYJ",22,374,1,-1,1,43
2019,14,2019-12-08 13:00:00,"SF",48,516,1,"NO",46,465,1,2,2,94
2019,14,2019-12-08 13:00:00,"WAS",15,262,1,"GB",20,341,1,-5,5,35
2019,14,2019-12-08 16:05:00,"LAC",45,525,0,"JAC",10,252,0,35,35,55
2019,14,2019-12-08 16:25:00,"KC",23,346,2,"NE",16,278,1,7,7,39
2019,14,2019-12-08 16:25:00,"PIT",23,275,2,"ARI",17,236,3,6,6,40
2019,14,2019-12-08 16:25:00,"TEN",42,552,1,"LV",21,355,1,21,21,63
2019,14,2019-12-08 20:20:00,"SEA",12,308,1,"LAR",28,455,2,-16,16,40
2019,14,2019-12-09 20:15:00,"NYG",17,255,0,"PHI",23,418,1,-6,6,40
2019,15,2019-12-12 20:20:00,"NYJ",21,310,2,"BAL",42,430,0,-21,21,63
2019,15,2019-12-15 13:00:00,"CHI",13,415,3,"GB",21,292,0,-8,8,34
2019,15,2019-12-15 13:00:00,"DEN",3,251,1,"KC",23,419,1,-20,20,26
2019,15,2019-12-15 13:00:00,"HOU",24,374,2,"TEN",21,432,1,3,3,45
2019,15,2019-12-15 13:00:00,"MIA",20,384,1,"NYG",36,412,3,-16,16,56
2019,15,2019-12-15 13:00:00,"NE",34,291,0,"CIN",13,315,5,21,21,47
2019,15,2019-12-15 13:00:00,"PHI",37,415,1,"WAS",27,352,1,10,10,64
2019,15,2019-12-15 13:00:00,"SEA",30,428,1,"CAR",24,414,3,6,6,54
2019,15,2019-12-15 13:00:00,"TB",38,495,1,"DET",17,295,3,21,21,55
2019,15,2019-12-15 16:05:00,"CLE",24,393,2,"ARI",38,445,1,-14,14,62
2019,15,2019-12-15 16:05:00,"JAC",20,262,0,"LV",16,364,0,4,4,36
2019,15,2019-12-15 16:05:00,"MIN",39,344,1,"LAC",10,345,7,29,29,49
2019,15,2019-12-15 16:25:00,"ATL",29,290,1,"SF",22,313,2,7,7,51
2019,15,2019-12-15 16:25:00,"LAR",21,289,1,"DAL",44,475,0,-23,23,65
2019,15,2019-12-15 20:20:00,"BUF",17,261,2,"PIT",10,229,5,7,7,27
2019,15,2019-12-16 20:15:00,"IND",7,205,0,"NO",34,424,0,-27,27,41
2019,16,2019-12-21 13:00:00,"HOU",23,229,2,"TB",20,435,5,3,3,43
2019,16,2019-12-21 16:30:00,"BUF",17,268,0,"NE",24,414,1,-7,7,41
2019,16,2019-12-21 20:15:00,"LAR",31,395,1,"SF",34,334,2,-3,3,65
2019,16,2019-12-22 13:00:00,"BAL",31,481,1,"CLE",15,241,1,16,16,46
2019,16,2019-12-22 13:00:00,"CAR",6,286,3,"IND",38,324,0,-32,32,44
2019,16,2019-12-22 13:00:00,"CIN",35,430,1,"MIA",38,502,1,-3,3,73
2019,16,2019-12-22 13:00:00,"JAC",12,288,1,"ATL",24,518,2,-12,12,36
2019,16,2019-12-22 13:00:00,"NO",38,377,0,"TEN",28,397,1,10,10,66
2019,16,2019-12-22 13:00:00,"NYG",41,552,0,"WAS",35,361,0,6,6,76
2019,16,2019-12-22 13:00:00,"PIT",10,260,2,"NYJ",16,259,1,-6,6,26
2019,16,2019-12-22 16:05:00,"DET",17,191,0,"DEN",27,348,0,-10,10,44
2019,16,2019-12-22 16:05:00,"LV",24,366,0,"LAC",17,284,0,7,7,41
2019,16,2019-12-22 16:25:00,"ARI",27,412,0,"SEA",13,224,1,14,14,40
2019,16,2019-12-22 16:25:00,"DAL",9,311,1,"PHI",17,431,0,-8,8,26
2019,16,2019-12-22 20:20:00,"KC",26,350,0,"CHI",3,234,0,23,23,29
2019,16,2019-12-23 20:15:00,"GB",23,383,3,"MIN",10,139,1,13,13,33
2019,17,2019-12-29 13:00:00,"ATL",28,373,1,"TB",22,329,3,6,6,50
2019,17,2019-12-29 13:00:00,"CHI",21,337,1,"MIN",19,300,3,2,2,40
2019,17,2019-12-29 13:00:00,"CLE",23,313,3,"CIN",33,361,1,-10,10,56
2019,17,2019-12-29 13:00:00,"GB",23,432,1,"DET",20,305,1,3,3,43
2019,17,2019-12-29 13:00:00,"LAC",21,366,2,"KC",31,336,1,-10,10,52
2019,17,2019-12-29 13:00:00,"MIA",27,389,0,"NE",24,352,2,3,3,51
2019,17,2019-12-29 13:00:00,"NO",42,379,0,"CAR",10,329,3,32,32,52
2019,17,2019-12-29 13:00:00,"NYJ",13,271,1,"BUF",6,309,3,7,7,19
2019,17,2019-12-29 16:25:00,"ARI",24,393,5,"LAR",31,424,0,-7,7,55
2019,17,2019-12-29 16:25:00,"IND",20,275,2,"JAC",38,353,1,-18,18,58
2019,17,2019-12-29 16:25:00,"LV",15,477,1,"DEN",16,238,1,-1,1,31
2019,17,2019-12-29 16:25:00,"PHI",34,400,0,"NYG",17,397,2,17,17,51
2019,17,2019-12-29 16:25:00,"PIT",10,168,2,"BAL",28,304,2,-18,18,38
2019,17,2019-12-29 16:25:00,"TEN",35,467,0,"HOU",14,301,1,21,21,49
2019,17,2019-12-29 16:25:00,"WAS",16,271,2,"DAL",47,517,1,-31,31,63
2019,17,2019-12-29 20:20:00,"SF",26,398,0,"SEA",21,348,0,5,5,47
2019,101,2020-01-04 16:35:00,"BUF",19,425,1,"HOU",22,360,1,-3,3,41
2019,101,2020-01-04 20:15:00,"TEN",20,272,1,"NE",13,307,2,7,7,33
2019,101,2020-01-05 13:05:00,"MIN",26,362,1,"NO",20,324,2,6,6,46
2019,101,2020-01-05 16:40:00,"SEA",17,382,0,"PHI",9,282,0,8,8,26
2019,102,2020-01-11 16:35:00,"MIN",10,147,2,"SF",27,308,2,-17,17,37
2019,102,2020-01-11 20:15:00,"TEN",28,300,0,"BAL",12,530,3,16,16,40
2019,102,2020-01-12 15:05:00,"HOU",31,442,1,"KC",51,434,1,-20,20,82
2019,102,2020-01-12 18:40:00,"SEA",23,375,0,"GB",28,344,0,-5,5,51
2019,103,2020-01-19 15:05:00,"TEN",24,295,0,"KC",35,404,0,-11,11,59
2019,103,2020-01-19 18:40:00,"GB",20,358,3,"SF",37,354,0,-17,17,57
2019,104,2020-02-02 18:30:00,"SF",20,351,2,"KC",31,397,2,-11,11,51
2020,1,2020-09-10 20:20:00,"HOU",20,360,1,"KC",34,369,0,-14,14,54
2020,1,2020-09-13 13:00:00,"CHI",27,363,0,"DET",23,426,1,4,4,50
2020,1,2020-09-13 13:00:00,"CLE",6,306,3,"BAL",38,381,1,-32,32,44
2020,1,2020-09-13 13:00:00,"GB",43,522,0,"MIN",34,382,1,9,9,77
2020,1,2020-09-13 13:00:00,"IND",20,445,2,"JAC",27,241,0,-7,7,47
2020,1,2020-09-13 13:00:00,"LV",34,372,0,"CAR",30,388,0,4,4,64
2020,1,2020-09-13 13:00:00,"MIA",11,269,3,"NE",21,357,1,-10,10,32
2020,1,2020-09-13 13:00:00,"NYJ",17,254,2,"BUF",27,404,2,-10,10,44
2020,1,2020-09-13 13:00:00,"PHI",17,265,3,"WAS",27,239,0,-10,10,44
2020,1,2020-09-13 13:00:00,"SEA",38,383,0,"ATL",25,506,2,13,13,63
2020,1,2020-09-13 16:05:00,"LAC",16,362,0,"CIN",13,295,2,3,3,29
2020,1,2020-09-13 16:25:00,"ARI",24,404,1,"SF",20,366,0,4,4,44
2020,1,2020-09-13 16:25:00,"TB",23,310,3,"NO",34,271,0,-11,11,57
2020,1,2020-09-13 20:20:00,"DAL",17,380,0,"LAR",20,422,1,-3,3,37
2020,1,2020-09-14 19:15:00,"PIT",26,349,1,"NYG",16,291,2,10,10,42
2020,1,2020-09-14 22:10:00,"TEN",16,377,0,"DEN",14,323,1,2,2,30
2020,2,2020-09-17 20:20:00,"CIN",30,353,1,"CLE",35,434,1,-5,5,65
2020,2,2020-09-20 13:00:00,"ATL",39,380,0,"DAL",40,570,3,-1,1,79
2020,2,2020-09-20 13:00:00,"BUF",31,523,1,"MIA",28,410,0,3,3,59
2020,2,2020-09-20 13:00:00,"CAR",17,427,4,"TB",31,339,2,-14,14,48
2020,2,2020-09-20 13:00:00,"DEN",21,319,2,"PIT",26,410,2,-5,5,47
2020,2,2020-09-20 13:00:00,"DET",21,307,1,"GB",42,488,0,-21,21,63
2020,2,2020-09-20 13:00:00,"JAC",30,480,2,"TEN",33,354,0,-3,3,63
2020,2,2020-09-20 13:00:00,"LAR",37,449,1,"PHI",19,363,3,18,18,56
2020,2,2020-09-20 13:00:00,"MIN",11,175,3,"IND",28,354,1,-17,17,39
2020,2,2020-09-20 13:00:00,"NYG",13,295,2,"CHI",17,304,2,-4,4,30
2020,2,2020-09-20 13:00:00,"SF",31,359,1,"NYJ",13,277,0,18,18,44
2020,2,2020-09-20 16:05:00,"WAS",15,316,2,"ARI",30,438,1,-15,15,45
2020,2,2020-09-20 16:25:00,"BAL",33,407,0,"HOU",16,304,2,17,17,49
2020,2,2020-09-20 16:25:00,"KC",23,414,0,"LAC",20,479,1,3,3,43
2020,2,2020-09-20 20:20:00,"NE",30,464,1,"SEA",35,429,1,-5,5,65
2020,2,2020-09-21 20:15:00,"NO",24,424,1,"LV",34,377,1,-10,10,58
2020,3,2020-09-24 20:20:00,"MIA",31,294,0,"JAC",13,318,2,18,18,44
2020,3,2020-09-27 13:00:00,"CHI",30,437,2,"ATL",26,371,1,4,4,56
2020,3,2020-09-27 13:00:00,"CIN",23,304,0,"PHI",23,378,2,0,0,46
2020,3,2020-09-27 13:00:00,"HOU",21,260,1,"PIT",28,387,0,-7,7,49
2020,3,2020-09-27 13:00:00,"LV",20,375,3,"NE",36,406,1,-16,16,56
2020,3,2020-09-27 13:00:00,"LAR",32,478,2,"BUF",35,375,2,-3,3,67
2020,3,2020-09-27 13:00:00,"SF",36,420,0,"NYG",9,231,3,27,27,45
2020,3,2020-09-27 13:00:00,"TEN",31,444,1,"MIN",30,464,3,1,1,61
2020,3,2020-09-27 13:00:00,"WAS",20,309,5,"CLE",34,300,0,-14,14,54
2020,3,2020-09-27 16:05:00,"CAR",21,302,0,"LAC",16,436,4,5,5,37
2020,3,2020-09-27 16:05:00,"NYJ",7,260,3,"IND",36,353,0,-29,29,43
2020,3,2020-09-27 16:25:00,"DAL",31,522,3,"SEA",38,412,1,-7,7,69
2020,3,2020-09-27 16:25:00,"DET",26,322,0,"ARI",23,377,3,3,3,49
2020,3,2020-09-27 16:25:00,"TB",28,353,0,"DEN",10,226,2,18,18,38
2020,3,2020-09-27 20:20:00,"GB",37,369,0,"NO",30,397,1,7,7,67
2020,3,2020-09-28 20:15:00,"KC",34,517,1,"BAL",20,228,1,14,14,54
2020,4,2020-10-01 20:20:00,"DEN",37,359,3,"NYJ",28,321,0,9,9,65
2020,4,2020-10-04 13:00:00,"ARI",21,262,1,"CAR",31,444,1,-10,10,52
2020,4,2020-10-04 13:00:00,"BAL",31,350,2,"WAS",17,343,1,14,14,48
2020,4,2020-10-04 13:00:00,"CLE",49,508,0,"DAL",38,566,3,11,11,87
2020,4,2020-10-04 13:00:00,"IND",19,289,0,"CHI",11,269,1,8,8,30
2020,4,2020-10-04 13:00:00,"JAC",25,429,1,"CIN",33,505,1,-8,8,58
2020,4,2020-10-04 13:00:00,"LAC",31,324,2,"TB",38,484,1,-7,7,69
2020,4,2020-10-04 13:00:00,"MIN",31,410,0,"HOU",23,386,1,8,8,54
2020,4,2020-10-04 13:00:00,"NO",35,392,1,"DET",29,281,1,6,6,64
2020,4,2020-10-04 13:00:00,"SEA",31,441,1,"MIA",23,415,2,8,8,54
2020,4,2020-10-04 16:05:00,"NYG",9,295,1,"LAR",17,240,1,-8,8,26
2020,4,2020-10-04 16:25:00,"BUF",30,337,0,"LV",23,383,2,7,7,53
2020,4,2020-10-04 20:20:00,"PHI",25,267,1,"SF",20,417,3,5,5,45
2020,4,2020-10-05 19:05:00,"NE",10,357,4,"KC",26,323,1,-16,16,36
2020,4,2020-10-05 20:15:00,"ATL",16,327,0,"GB",30,403,0,-14,14,46
2020,5,2020-10-08 20:20:00,"TB",19,339,1,"CHI",20,243,1,-1,1,39
2020,5,2020-10-11 13:00:00,"ARI",30,496,1,"NYJ",10,285,0,20,20,40
2020,5,2020-10-11 13:00:00,"CAR",23,437,0,"ATL",16,373,1,7,7,39
2020,5,2020-10-11 13:00:00,"CIN",3,205,3,"BAL",27,332,1,-24,24,30
2020,5,2020-10-11 13:00:00,"JAC",14,364,2,"HOU",30,486,2,-16,16,44
2020,5,2020-10-11 13:00:00,"LV",40,490,1,"KC",32,413,1,8,8,72
2020,5,2020-10-11 13:00:00,"LAR",30,429,1,"WAS",10,108,0,20,20,40
2020,5,2020-10-11 13:00:00,"PHI",29,336,2,"PIT",38,367,1,-9,9,67
2020,5,2020-10-11 16:05:00,"MIA",43,436,0,"SF",17,259,3,26,26,60
2020,5,2020-10-11 16:25:00,"IND",23,308,2,"CLE",32,385,2,-9,9,55
2020,5,2020-10-11 16:25:00,"NYG",34,300,1,"DAL",37,402,2,-3,3,71
2020,5,2020-10-11 20:20:00,"MIN",26,449,2,"SEA",27,314,1,-1,1,53
2020,5,2020-10-12 20:15:00,"LAC",27,350,0,"NO",30,408,1,-3,3,57
2020,5,2020-10-13 19:00:00,"BUF",16,370,3,"TEN",42,334,0,-26,26,58
2020,6,2020-10-18 13:00:00,"ATL",40,462,1,"MIN",23,365,3,17,17,63
2020,6,2020-10-18 13:00:00,"BAL",30,355,0,"PHI",28,364,1,2,2,58
2020,6,2020-10-18 13:00:00,"CHI",23,261,1,"CAR",16,303,3,7,7,39
2020,6,2020-10-18 13:00:00,"CIN",27,398,1,"IND",31,430,2,-4,4,58
2020,6,2020-10-18 13:00:00,"CLE",7,220,2,"PIT",38,277,0,-31,31,45
2020,6,2020-10-18 13:00:00,"DEN",18,299,2,"NE",12,288,3,6,6,30
2020,6,2020-10-18 13:00:00,"DET",34,403,1,"JAC",16,275,2,18,18,50
2020,6,2020-10-18 13:00:00,"HOU",36,412,0,"TEN",42,607,2,-6,6,78
2020,6,2020-10-18 13:00:00,"WAS",19,337,2,"NYG",20,240,1,-1,1,39
2020,6,2020-10-18 16:05:00,"NYJ",0,263,1,"MIA",24,302,2,-24,24,24
2020,6,2020-10-18 16:25:00,"GB",10,201,2,"TB",38,324,0,-28,28,48
2020,6,2020-10-18 20:20:00,"LAR",16,311,1,"SF",24,390,0,-8,8,40
2020,6,2020-10-19 17:00:00,"KC",26,466,1,"BUF",17,206,1,9,9,43
2020,6,2020-10-19 20:15:00,"ARI",38,438,0,"DAL",10,344,4,28,28,48
2020,7,2020-10-22 20:20:00,"NYG",21,325,3,"PHI",22,442,1,-1,1,43
2020,7,2020-10-25 13:00:00,"BUF",18,422,1,"NYJ",10,191,2,8,8,28
2020,7,2020-10-25 13:00:00,"CAR",24,283,0,"NO",27,415,1,-3,3,51
2020,7,2020-10-25 13:00:00,"CLE",37,398,1,"CIN",34,468,2,3,3,71
2020,7,2020-10-25 13:00:00,"DAL",3,142,1,"WAS",25,397,0,-22,22,28
2020,7,2020-10-25 13:00:00,"DET",23,386,0,"ATL",22,388,1,1,1,45
2020,7,2020-10-25 13:00:00,"GB",35,379,0,"HOU",20,365,1,15,15,55
2020,7,2020-10-25 13:00:00,"PIT",27,362,3,"TEN",24,292,0,3,3,51
2020,7,2020-10-25 16:05:00,"TB",45,454,0,"LV",20,347,1,25,25,65
2020,7,2020-10-25 16:25:00,"JAC",29,294,1,"LAC",39,484,0,-10,10,68
2020,7,2020-10-25 16:25:00,"KC",43,286,1,"DEN",16,411,4,27,27,59
2020,7,2020-10-25 16:25:00,"SF",33,467,2,"NE",6,241,4,27,27,39
2020,7,2020-10-25 20:20:00,"SEA",34,572,3,"ARI",37,519,2,-3,3,71
2020,7,2020-10-26 20:15:00,"CHI",10,279,2,"LAR",24,371,1,-14,14,34
2020,8,2020-10-29 20:20:00,"ATL",25,401,1,"CAR",17,304,1,8,8,42
2020,8,2020-11-01 13:00:00,"IND",41,366,0,"DET",21,326,2,20,20,62
2020,8,2020-11-01 13:00:00,"LV",16,309,0,"CLE",6,223,1,10,10,22
2020,8,2020-11-01 13:00:00,"LAR",17,471,4,"MIA",28,145,2,-11,11,45
2020,8,2020-11-01 13:00:00,"MIN",28,324,0,"GB",22,400,1,6,6,50
2020,8,2020-11-01 13:00:00,"NE",21,349,1,"BUF",24,339,1,-3,3,45
2020,8,2020-11-01 13:00:00,"NYJ",9,221,1,"KC",35,496,0,-26,26,44
2020,8,2020-11-01 13:00:00,"PIT",28,221,1,"BAL",24,457,4,4,4,52
2020,8,2020-11-01 13:00:00,"TEN",20,441,1,"CIN",31,367,0,-11,11,51
2020,8,2020-11-01 16:05:00,"LAC",30,485,2,"DEN",31,351,1,-1,1,61
2020,8,2020-11-01 16:25:00,"NO",26,394,0,"CHI",23,329,1,3,3,49
2020,8,2020-11-01 16:25:00,"SF",27,351,2,"SEA",37,350,0,-10,10,64
2020,8,2020-11-01 20:20:00,"DAL",9,265,2,"PHI",23,222,4,-14,14,32
2020,8,2020-11-02 20:15:00,"TB",25,344,1,"NYG",23,357,2,2,2,48
2020,9,2020-11-05 20:20:00,"GB",34,405,0,"SF",17,337,2,17,17,51
2020,9,2020-11-08 13:00:00,"BAL",24,266,1,"IND",10,339,2,14,14,34
2020,9,2020-11-08 13:00:00,"CAR",31,435,0,"KC",33,397,1,-2,2,64
2020,9,2020-11-08 13:00:00,"CHI",17,375,2,"TEN",24,228,0,-7,7,41
2020,9,2020-11-08 13:00:00,"DEN",27,405,1,"ATL",34,363,1,-7,7,61
2020,9,2020-11-08 13:00:00,"DET",20,421,3,"MIN",34,487,0,-14,14,54
2020,9,2020-11-08 13:00:00,"HOU",27,374,1,"JAC",25,403,1,2,2,52
2020,9,2020-11-08 13:00:00,"NYG",23,350,0,"WAS",20,402,5,3,3,43
2020,9,2020-11-08 13:00:00,"SEA",34,419,4,"BUF",44,420,0,-10,10,78
2020,9,2020-11-08 16:05:00,"LV",31,320,1,"LAC",26,440,1,5,5,57
2020,9,2020-11-08 16:25:00,"MIA",34,312,0,"ARI",31,442,1,3,3,65
2020,9,2020-11-08 16:25:00,"PIT",24,355,0,"DAL",19,364,2,5,5,43
2020,9,2020-11-08 20:20:00,"NO",38,420,2,"TB",3,194,3,35,35,41
2020,9,2020-11-09 20:15:00,"NE",30,433,0,"NYJ",27,322,1,3,3,57
2020,10,2020-11-12 20:20:00,"IND",34,430,0,"TEN",17,294,0,17,17,51
2020,10,2020-11-15 13:00:00,"HOU",7,243,0,"CLE",10,356,0,-3,3,17
2020,10,2020-11-15 13:00:00,"JAC",20,260,1,"GB",24,395,2,-4,4,44
2020,10,2020-11-15 13:00:00,"PHI",17,346,0,"NYG",27,382,0,-10,10,44
2020,10,2020-11-15 13:00:00,"TB",46,544,1,"CAR",23,187,1,23,23,69
2020,10,2020-11-15 13:00:00,"WAS",27,464,1,"DET",30,372,0,-3,3,57
2020,10,2020-11-15 16:05:00,"BUF",30,369,2,"ARI",32,453,2,-2,2,62
2020,10,2020-11-15 16:05:00,"DEN",12,313,5,"LV",37,357,0,-25,25,49
2020,10,2020-11-15 16:05:00,"LAC",21,273,1,"MIA",29,280,1,-8,8,50
2020,10,2020-11-15 16:25:00,"CIN",10,324,2,"PIT",36,377,0,-26,26,46
2020,10,2020-11-15 16:25:00,"SF",13,281,4,"NO",27,237,2,-14,14,40
2020,10,2020-11-15 16:25:00,"SEA",16,333,3,"LAR",23,389,1,-7,7,39
2020,10,2020-11-15 20:20:00,"BAL",17,357,1,"NE",23,308,0,-6,6,40
2020,10,2020-11-16 20:15:00,"MIN",19,385,2,"CHI",13,149,2,6,6,32
2020,11,2020-11-19 20:20:00,"ARI",21,314,0,"SEA",28,347,0,-7,7,49
2020,11,2020-11-22 13:00:00,"ATL",9,248,2,"NO",24,376,1,-15,15,33
2020,11,2020-11-22 13:00:00,"CIN",9,272,2,"WAS",20,325,1,-11,11,29
2020,11,2020-11-22 13:00:00,"DET",0,185,1,"CAR",20,374,2,-20,20,20
2020,11,2020-11-22 13:00:00,"NE",20,435,0,"HOU",27,399,0,-7,7,47
2020,11,2020-11-22 13:00:00,"PHI",17,315,3,"CLE",22,324,1,-5,5,39
2020,11,2020-11-22 13:00:00,"PIT",27,373,1,"JAC",3,206,4,24,24,30
2020,11,2020-11-22 13:00:00,"TEN",30,423,1,"BAL",24,306,1,6,6,54
2020,11,2020-11-22 16:05:00,"MIA",13,223,1,"DEN",20,459,2,-7,7,33
2020,11,2020-11-22 16:05:00,"NYJ",28,292,1,"LAC",34,376,1,-6,6,62
2020,11,2020-11-22 16:25:00,"DAL",31,376,1,"MIN",28,430,2,3,3,59
2020,11,2020-11-22 16:25:00,"GB",31,367,4,"IND",34,420,2,-3,3,65
2020,11,2020-11-22 20:20:00,"KC",35,460,1,"LV",31,364,1,4,4,66
2020,11,2020-11-23 20:15:00,"LAR",27,413,2,"TB",24,251,2,3,3,51
2020,12,2020-11-26 12:30:00,"HOU",41,384,1,"DET",25,388,3,16,16,66
2020,12,2020-11-26 16:30:00,"WAS",41,338,1,"DAL",16,247,2,25,25,57
2020,12,2020-11-29 13:00:00,"ARI",17,298,1,"NE",20,179,2,-3,3,37
2020,12,2020-11-29 13:00:00,"CAR",27,374,1,"MIN",28,387,3,-1,1,55
2020,12,2020-11-29 13:00:00,"CLE",27,459,1,"JAC",25,375,0,2,2,52
2020,12,2020-11-29 13:00:00,"LV",6,243,5,"ATL",43,304,1,-37,37,49
2020,12,2020-11-29 13:00:00,"LAC",17,367,1,"BUF",27,332,3,-10,10,44
2020,12,2020-11-29 13:00:00,"MIA",20,345,2,"NYJ",3,260,2,17,17,23
2020,12,2020-11-29 13:00:00,"NYG",19,386,1,"CIN",17,155,3,2,2,36
2020,12,2020-11-29 13:00:00,"TEN",45,449,0,"IND",26,336,1,19,19,71
2020,12,2020-11-29 16:05:00,"NO",31,292,1,"DEN",3,112,3,28,28,34
2020,12,2020-11-29 16:05:00,"SF",23,345,3,"LAR",20,308,4,3,3,43
2020,12,2020-11-29 16:25:00,"KC",27,543,1,"TB",24,417,2,3,3,51
2020,12,2020-11-29 20:20:00,"CHI",25,350,3,"GB",41,393,0,-16,16,66
2020,12,2020-11-30 20:15:00,"SEA",23,301,0,"PHI",17,250,1,6,6,40
2020,12,2020-12-02 15:40:00,"BAL",14,219,2,"PIT",19,334,2,-5,5,33
2020,13,2020-12-06 13:00:00,"CIN",7,196,2,"MIA",19,406,1,-12,12,26
2020,13,2020-12-06 13:00:00,"CLE",41,458,1,"TEN",35,431,3,6,6,76
2020,13,2020-12-06 13:00:00,"DET",34,460,1,"CHI",30,389,1,4,4,64
2020,13,2020-12-06 13:00:00,"IND",26,371,0,"HOU",20,398,2,6,6,46
2020,13,2020-12-06 13:00:00,"JAC",24,390,4,"MIN",27,420,2,-3,3,51
2020,13,2020-12-06 13:00:00,"LV",31,440,2,"NYJ",28,376,3,3,3,59
2020,13,2020-12-06 13:00:00,"NO",21,424,1,"ATL",16,332,1,5,5,37
2020,13,2020-12-06 16:05:00,"LAR",38,463,1,"ARI",28,232,2,10,10,66
2020,13,2020-12-06 16:05:00,"NYG",17,290,1,"SEA",12,327,2,5,5,29
2020,13,2020-12-06 16:25:00,"NE",45,291,0,"LAC",0,258,2,45,45,45
2020,13,2020-12-06 16:25:00,"PHI",16,278,1,"GB",30,437,0,-14,14,46
2020,13,2020-12-06 20:20:00,"DEN",16,330,2,"KC",22,447,0,-6,6,38
2020,13,2020-12-07 17:00:00,"WAS",23,318,0,"PIT",17,326,1,6,6,40
2020,13,2020-12-07 20:15:00,"BUF",34,449,1,"SF",24,402,2,10,10,58
2020,13,2020-12-08 20:05:00,"DAL",17,388,1,"BAL",34,401,1,-17,17,51
2020,14,2020-12-10 20:20:00,"NE",3,220,1,"LAR",24,318,1,-21,21,27
2020,14,2020-12-13 13:00:00,"ARI",26,390,0,"NYG",7,159,3,19,19,33
2020,14,2020-12-13 13:00:00,"DAL",30,272,0,"CIN",7,309,3,23,23,37
2020,14,2020-12-13 13:00:00,"DEN",32,365,1,"CAR",27,370,0,5,5,59
2020,14,2020-12-13 13:00:00,"HOU",7,263,2,"CHI",36,410,0,-29,29,43
2020,14,2020-12-13 13:00:00,"KC",33,448,4,"MIA",27,367,1,6,6,60
2020,14,2020-12-13 13:00:00,"MIN",14,335,1,"TB",26,303,0,-12,12,40
2020,14,2020-12-13 13:00:00,"TEN",31,454,1,"JAC",10,354,1,21,21,41
2020,14,2020-12-13 16:05:00,"IND",44,456,0,"LV",27,424,3,17,17,71
2020,14,2020-12-13 16:05:00,"NYJ",3,185,1,"SEA",40,410,1,-37,37,43
2020,14,2020-12-13 16:25:00,"ATL",17,319,3,"LAC",20,345,1,-3,3,37
2020,14,2020-12-13 16:25:00,"GB",31,410,0,"DET",24,293,0,7,7,55
2020,14,2020-12-13 16:25:00,"NO",21,358,2,"PHI",24,413,1,-3,3,45
2020,14,2020-12-13 16:25:00,"WAS",23,193,1,"SF",15,344,3,8,8,38
2020,14,2020-12-13 20:20:00,"PIT",15,224,2,"BUF",26,334,2,-11,11,41
2020,14,2020-12-14 20:15:00,"BAL",47,385,0,"CLE",42,493,1,5,5,89
2020,15,2020-12-17 20:20:00,"LAC",30,402,0,"LV",27,449,1,3,3,57
2020,15,2020-12-19 16:30:00,"BUF",48,534,1,"DEN",19,255,1,29,29,67
2020,15,2020-12-19 20:15:00,"CAR",16,364,1,"GB",24,291,0,-8,8,40
2020,15,2020-12-20 13:00:00,"CHI",33,397,1,"MIN",27,407,1,6,6,60
2020,15,2020-12-20 13:00:00,"DET",25,430,3,"TEN",46,463,0,-21,21,71
2020,15,2020-12-20 13:00:00,"HOU",20,425,2,"IND",27,350,0,-7,7,47
2020,15,2020-12-20 13:00:00,"JAC",14,267,1,"BAL",40,409,1,-26,26,54
2020,15,2020-12-20 13:00:00,"NE",12,303,1,"MIA",22,383,1,-10,10,34
2020,15,2020-12-20 13:00:00,"SF",33,458,4,"DAL",41,291,0,-8,8,74
2020,15,2020-12-20 13:00:00,"SEA",20,302,1,"WAS",15,353,2,5,5,35
2020,15,2020-12-20 13:00:00,"TB",31,416,0,"ATL",27,369,0,4,4,58
2020,15,2020-12-20 16:05:00,"NYJ",23,289,0,"LAR",20,303,1,3,3,43
2020,15,2020-12-20 16:05:00,"PHI",26,422,0,"ARI",33,526,3,-7,7,59
2020,15,2020-12-20 16:25:00,"KC",32,411,1,"NO",29,285,1,3,3,61
2020,15,2020-12-20 20:20:00,"CLE",20,392,0,"NYG",6,288,0,14,14,26
2020,15,2020-12-21 20:15:00,"PIT",17,244,3,"CIN",27,230,0,-10,10,44
2020,16,2020-12-25 16:30:00,"MIN",33,364,0,"NO",52,583,2,-19,19,85
2020,16,2020-12-26 13:00:00,"TB",47,588,0,"DET",7,186,2,40,40,54
2020,16,2020-12-26 16:30:00,"SF",20,398,1,"ARI",12,350,2,8,8,32
2020,16,2020-12-26 20:15:00,"MIA",26,383,0,"LV",25,418,1,1,1,51
2020,16,2020-12-27 13:00:00,"ATL",14,367,1,"KC",17,395,2,-3,3,31
2020,16,2020-12-27 13:00:00,"CHI",41,391,1,"JAC",17,279,2,24,24,58
2020,16,2020-12-27 13:00:00,"CIN",37,540,0,"HOU",31,488,1,6,6,68
2020,16,2020-12-27 13:00:00,"CLE",16,299,2,"NYJ",23,333,0,-7,7,39
2020,16,2020-12-27 13:00:00,"IND",24,365,2,"PIT",28,354,0,-4,4,52
2020,16,2020-12-27 13:00:00,"NYG",13,269,0,"BAL",27,432,1,-14,14,40
2020,16,2020-12-27 16:05:00,"CAR",20,280,2,"WAS",13,386,4,7,7,33
2020,16,2020-12-27 16:05:00,"DEN",16,396,2,"LAC",19,316,0,-3,3,35
2020,16,2020-12-27 16:25:00,"LAR",9,334,1,"SEA",20,292,0,-11,11,29
2020,16,2020-12-27 16:25:00,"PHI",17,477,3,"DAL",37,513,1,-20,20,54
2020,16,2020-12-27 20:20:00,"TEN",14,260,2,"GB",40,448,1,-26,26,54
2020,16,2020-12-28 20:15:00,"BUF",38,474,0,"NE",9,201,0,29,29,47
2020,17,2021-01-03 13:00:00,"ATL",27,385,2,"TB",44,485,1,-17,17,71
2020,17,2021-01-03 13:00:00,"BAL",38,525,1,"CIN",3,195,2,35,35,41
2020,17,2021-01-03 13:00:00,"DAL",19,307,1,"NYG",23,336,2,-4,4,42
2020,17,2021-01-03 13:00:00,"MIA",26,454,4,"BUF",56,455,2,-30,30,82
2020,17,2021-01-03 13:00:00,"MIN",37,508,0,"DET",35,417,2,2,2,72
2020,17,2021-01-03 13:00:00,"NYJ",14,350,2,"NE",28,404,0,-14,14,42
2020,17,2021-01-03 13:00:00,"PIT",22,394,1,"CLE",24,358,0,-2,2,46
2020,17,2021-01-03 16:25:00,"ARI",7,214,1,"LAR",18,333,2,-11,11,25
2020,17,2021-01-03 16:25:00,"GB",35,316,1,"CHI",16,356,2,19,19,51
2020,17,2021-01-03 16:25:00,"JAC",14,283,1,"IND",28,437,1,-14,14,42
2020,17,2021-01-03 16:25:00,"LV",32,465,4,"DEN",31,446,0,1,1,63
2020,17,2021-01-03 16:25:00,"LAC",38,416,0,"KC",21,268,1,17,17,59
2020,17,2021-01-03 16:25:00,"NO",33,347,0,"CAR",7,320,5,26,26,40
2020,17,2021-01-03 16:25:00,"SEA",26,280,0,"SF",23,328,1,3,3,49
2020,17,2021-01-03 16:25:00,"TEN",41,492,1,"HOU",38,457,1,3,3,79
2020,17,2021-01-03 20:20:00,"WAS",20,248,2,"PHI",14,216,3,6,6,34
2020,101,2021-01-09 13:05:00,"IND",24,472,0,"BUF",27,397,0,-3,3,51
2020,101,2021-01-09 16:40:00,"LAR",30,333,0,"SEA",20,278,2,10,10,50
2020,101,2021-01-09 20:15:00,"TB",31,507,1,"WAS",23,375,1,8,8,54
2020,101,2021-01-10 13:05:00,"BAL",20,401,1,"TEN",13,209,1,7,7,33
2020,101,2021-01-10 16:40:00,"CHI",9,239,0,"NO",21,385,1,-12,12,30
2020,101,2021-01-10 20:15:00,"CLE",48,390,0,"PIT",37,553,5,11,11,85
2020,102,2021-01-16 16:35:00,"LAR",18,244,0,"GB",32,484,0,-14,14,50
2020,102,2021-01-16 20:15:00,"BAL",3,340,1,"BUF",17,220,0,-14,14,20
2020,102,2021-01-17 15:05:00,"CLE",17,308,2,"KC",22,438,1,-5,5,39
2020,102,2021-01-17 18:40:00,"TB",30,316,0,"NO",20,294,4,10,10,50
2020,103,2021-01-24 15:05:00,"TB",31,351,3,"GB",26,381,2,5,5,57
2020,103,2021-01-24 18:40:00,"BUF",24,363,1,"KC",38,439,1,-14,14,62
2020,104,2021-02-07 18:30:00,"KC",9,350,2,"TB",31,340,0,-22,22,40
2021,1,2021-09-09 20:20:00,"DAL",29,451,1,"TB",31,431,4,-2,2,60
2021,1,2021-09-12 13:00:00,"ARI",38,416,1,"TEN",13,248,3,25,25,51
2021,1,2021-09-12 13:00:00,"JAC",21,395,3,"HOU",37,449,0,-16,16,58
2021,1,2021-09-12 13:00:00,"LAC",20,424,2,"WAS",16,259,1,4,4,36
2021,1,2021-09-12 13:00:00,"MIN",24,403,1,"CIN",27,366,0,-3,3,51
2021,1,2021-09-12 13:00:00,"NYJ",14,252,1,"CAR",19,381,1,-5,5,33
2021,1,2021-09-12 13:00:00,"PHI",32,434,0,"ATL",6,260,0,26,26,38
2021,1,2021-09-12 13:00:00,"PIT",23,252,0,"BUF",16,371,1,7,7,39
2021,1,2021-09-12 13:00:00,"SF",41,442,2,"DET",33,430,1,8,8,74
2021,1,2021-09-12 13:00:00,"SEA",28,381,1,"IND",16,336,1,12,12,44
2021,1,2021-09-12 16:25:00,"CLE",29,457,2,"KC",33,397,0,-4,4,62
2021,1,2021-09-12 16:25:00,"DEN",27,420,1,"NYG",13,314,1,14,14,40
2021,1,2021-09-12 16:25:00,"GB",3,229,3,"NO",38,322,0,-35,35,41
2021,1,2021-09-12 16:25:00,"MIA",17,259,1,"NE",16,393,2,1,1,33
2021,1,2021-09-12 20:20:00,"CHI",14,322,2,"LAR",34,386,0,-20,20,48
2021,1,2021-09-13 20:15:00,"BAL",27,406,2,"LV",33,491,1,-6,6,60
2021,2,2021-09-16 20:20:00,"NYG",29,391,0,"WAS",30,407,1,-1,1,59
2021,2,2021-09-19 13:00:00,"BUF",35,314,2,"MIA",0,216,3,35,35,35
2021,2,2021-09-19 13:00:00,"CIN",17,248,4,"CHI",20,206,1,-3,3,37
2021,2,2021-09-19 13:00:00,"DEN",23,398,0,"JAC",13,189,2,10,10,36
2021,2,2021-09-19 13:00:00,"HOU",21,302,2,"CLE",31,355,2,-10,10,52
2021,2,2021-09-19 13:00:00,"LV",26,425,0,"PIT",17,331,1,9,9,43
2021,2,2021-09-19 13:00:00,"LAR",27,371,2,"IND",24,354,2,3,3,51
2021,2,2021-09-19 13:00:00,"NE",25,260,0,"NYJ",6,336,4,19,19,31
2021,2,2021-09-19 13:00:00,"NO",7,128,2,"CAR",26,383,1,-19,19,33
2021,2,2021-09-19 13:00:00,"SF",17,306,0,"PHI",11,328,0,6,6,28
2021,2,2021-09-19 16:05:00,"ATL",25,348,3,"TB",48,341,1,-23,23,73
2021,2,2021-09-19 16:05:00,"MIN",33,419,0,"ARI",34,474,2,-1,1,67
2021,2,2021-09-19 16:25:00,"DAL",20,419,1,"LAC",17,408,2,3,3,37
2021,2,2021-09-19 16:25:00,"TEN",33,532,1,"SEA",30,397,0,3,3,63
2021,2,2021-09-19 20:20:00,"KC",35,405,2,"BAL",36,481,2,-1,1,71
2021,2,2021-09-20 20:15:00,"DET",17,344,2,"GB",35,323,0,-18,18,52
2021,3,2021-09-23 20:20:00,"CAR",24,407,0,"HOU",9,193,0,15,15,33
2021,3,2021-09-26 13:00:00,"ARI",31,407,1,"JAC",19,361,4,12,12,50
2021,3,2021-09-26 13:00:00,"ATL",17,296,1,"NYG",14,346,1,3,3,31
2021,3,2021-09-26 13:00:00,"BAL",19,387,1,"DET",17,285,0,2,2,36
2021,3,2021-09-26 13:00:00,"CHI",6,47,0,"CLE",26,418,0,-20,20,32
2021,3,2021-09-26 13:00:00,"CIN",24,268,1,"PIT",10,342,2,14,14,34
2021,3,2021-09-26 13:00:00,"IND",16,265,0,"TEN",25,368,3,-9,9,41
2021,3,2021-09-26 13:00:00,"LAC",30,352,0,"KC",24,437,4,6,6,54
2021,3,2021-09-26 13:00:00,"NO",28,252,0,"NE",13,300,3,15,15,41
2021,3,2021-09-26 13:00:00,"WAS",21,290,3,"BUF",43,481,0,-22,22,64
2021,3,2021-09-26 16:05:00,"MIA",28,330,0,"LV",31,497,1,-3,3,59
2021,3,2021-09-26 16:05:00,"NYJ",0,162,2,"DEN",26,343,1,-26,26,26
2021,3,2021-09-26 16:25:00,"SEA",17,389,0,"MIN",30,453,0,-13,13,47
2021,3,2021-09-26 16:25:00,"TB",24,446,0,"LAR",34,407,0,-10,10,58
2021,3,2021-09-26 20:20:00,"GB",30,353,0,"SF",28,298,2,2,2,58
2021,3,2021-09-27 20:15:00,"PHI",21,367,2,"DAL",41,380,1,-20,20,62
2021,4,2021-09-30 20:20:00,"JAC",21,341,0,"CIN",24,420,0,-3,3,45
2021,4,2021-10-03 13:00:00,"CAR",28,379,2,"DAL",36,433,0,-8,8,64
2021,4,2021-10-03 13:00:00,"CLE",14,327,0,"MIN",7,255,1,7,7,21
2021,4,2021-10-03 13:00:00,"DET",14,351,2,"CHI",24,373,1,-10,10,38
2021,4,2021-10-03 13:00:00,"HOU",0,109,5,"BUF",40,450,1,-40,40,40
2021,4,2021-10-03 13:00:00,"IND",27,349,1,"MIA",17,203,2,10,10,44
2021,4,2021-10-03 13:00:00,"KC",42,471,1,"PHI",30,461,0,12,12,72
2021,4,2021-10-03 13:00:00,"NYG",27,485,1,"NO",21,405,1,6,6,48
2021,4,2021-10-03 13:00:00,"TEN",24,430,0,"NYJ",27,355,1,-3,3,51
2021,4,2021-10-03 13:00:00,"WAS",34,412,0,"ATL",30,374,0,4,4,64
2021,4,2021-10-03 16:05:00,"ARI",37,465,0,"LAR",20,401,2,17,17,57
2021,4,2021-10-03 16:05:00,"SEA",28,234,0,"SF",21,457,2,7,7,49
2021,4,2021-10-03 16:25:00,"BAL",23,406,0,"DEN",7,254,1,16,16,30
2021,4,2021-10-03 16:25:00,"PIT",17,282,2,"GB",27,367,1,-10,10,44
2021,4,2021-10-03 20:20:00,"TB",19,381,0,"NE",17,294,2,2,2,36
2021,4,2021-10-04 20:15:00,"LV",14,213,1,"LAC",28,380,0,-14,14,42
2021,5,2021-10-07 20:20:00,"LAR",26,476,1,"SEA",17,354,2,9,9,43
2021,5,2021-10-10 09:30:00,"NYJ",20,230,1,"ATL",27,450,2,-7,7,47
2021,5,2021-10-10 13:00:00,"DEN",19,374,1,"PIT",27,391,1,-8,8,46
2021,5,2021-10-10 13:00:00,"DET",17,288,2,"MIN",19,384,2,-2,2,36
2021,5,2021-10-10 13:00:00,"GB",25,466,1,"CIN",22,367,2,3,3,47
2021,5,2021-10-10 13:00:00,"MIA",17,301,2,"TB",45,558,0,-28,28,62
2021,5,2021-10-10 13:00:00,"NE",25,352,2,"HOU",22,360,1,3,3,47
2021,5,2021-10-10 13:00:00,"NO",33,369,2,"WAS",22,373,2,11,11,55
2021,5,2021-10-10 13:00:00,"PHI",21,273,2,"CAR",18,267,3,3,3,39
2021,5,2021-10-10 13:00:00,"TEN",37,368,0,"JAC",19,454,2,18,18,56
2021,5,2021-10-10 16:05:00,"CHI",20,252,0,"LV",9,259,1,11,11,29
2021,5,2021-10-10 16:05:00,"CLE",42,531,0,"LAC",47,493,1,-5,5,89
2021,5,2021-10-10 16:25:00,"NYG",20,367,2,"DAL",44,515,2,-24,24,64
2021,5,2021-10-10 16:25:00,"SF",10,338,1,"ARI",17,304,1,-7,7,27
2021,5,2021-10-10 20:20:00,"BUF",38,436,0,"KC",20,392,4,18,18,58
2021,5,2021-10-11 20:15:00,"IND",25,513,1,"BAL",31,523,1,-6,6,56
2021,6,2021-10-14 20:20:00,"TB",28,399,1,"PHI",22,213,1,6,6,50
2021,6,2021-10-17 09:30:00,"MIA",20,431,1,"JAC",23,396,1,-3,3,43
2021,6,2021-10-17 13:00:00,"CIN",34,398,1,"DET",11,228,1,23,23,45
2021,6,2021-10-17 13:00:00,"GB",24,323,0,"CHI",14,277,1,10,10,38
2021,6,2021-10-17 13:00:00,"HOU",3,353,3,"IND",31,388,0,-28,28,34
2021,6,2021-10-17 13:00:00,"KC",31,499,3,"WAS",13,276,2,18,18,44
2021,6,2021-10-17 13:00:00,"LAC",6,208,1,"BAL",34,327,2,-28,28,40
2021,6,2021-10-17 13:00:00,"LAR",38,365,2,"NYG",11,261,4,27,27,49
2021,6,2021-10-17 13:00:00,"MIN",34,571,1,"CAR",28,306,3,6,6,62
2021,6,2021-10-17 16:05:00,"ARI",37,352,0,"CLE",14,290,3,23,23,51
2021,6,2021-10-17 16:25:00,"DAL",35,567,2,"NE",29,335,2,6,6,64
2021,6,2021-10-17 16:25:00,"LV",34,426,0,"DEN",24,421,4,10,10,58
2021,6,2021-10-17 20:20:00,"SEA",20,309,1,"PIT",23,345,1,-3,3,43
2021,6,2021-10-18 20:15:00,"BUF",31,417,1,"TEN",34,362,1,-3,3,65
2021,7,2021-10-21 20:20:00,"DEN",14,223,1,"CLE",17,376,0,-3,3,31
2021,7,2021-10-24 13:00:00,"ATL",30,397,2,"MIA",28,413,2,2,2,58
2021,7,2021-10-24 13:00:00,"CAR",3,173,1,"NYG",25,302,0,-22,22,28
2021,7,2021-10-24 13:00:00,"CIN",41,520,1,"BAL",17,393,0,24,24,58
2021,7,2021-10-24 13:00:00,"KC",3,334,3,"TEN",27,369,1,-24,24,30
2021,7,2021-10-24 13:00:00,"NYJ",13,299,3,"NE",54,551,0,-41,41,67
2021,7,2021-10-24 13:00:00,"WAS",10,430,2,"GB",24,304,1,-14,14,34
2021,7,2021-10-24 16:05:00,"DET",19,415,2,"LAR",28,374,0,-9,9,47
2021,7,2021-10-24 16:05:00,"PHI",22,358,2,"LV",33,442,1,-11,11,55
2021,7,2021-10-24 16:25:00,"CHI",3,311,5,"TB",38,408,1,-35,35,41
2021,7,2021-10-24 16:25:00,"HOU",5,160,1,"ARI",31,397,1,-26,26,36
2021,7,2021-10-24 20:20:00,"IND",30,295,2,"SF",18,280,4,12,12,48
2021,7,2021-10-25 20:15:00,"NO",13,304,1,"SEA",10,219,0,3,3,23
2021,8,2021-10-28 20:20:00,"GB",24,335,0,"ARI",21,334,3,3,3,45
2021,8,2021-10-31 13:00:00,"CAR",19,332,1,"ATL",13,213,2,6,6,32
2021,8,2021-10-31 13:00:00,"CIN",31,318,1,"NYJ",34,511,3,-3,3,65
2021,8,2021-10-31 13:00:00,"LAR",38,467,0,"HOU",22,323,1,16,16,60
2021,8,2021-10-31 13:00:00,"MIA",11,262,2,"BUF",26,351,0,-15,15,37
2021,8,2021-10-31 13:00:00,"PHI",44,350,0,"DET",6,228,1,38,38,50
2021,8,2021-10-31 13:00:00,"PIT",15,370,0,"CLE",10,306,1,5,5,25
2021,8,2021-10-31 13:00:00,"SF",33,467,0,"CHI",22,324,1,11,11,55
2021,8,2021-10-31 13:00:00,"TEN",34,340,2,"IND",31,307,3,3,3,65
2021,8,2021-10-31 16:05:00,"JAC",7,309,1,"SEA",31,229,0,-24,24,38
2021,8,2021-10-31 16:05:00,"NE",27,352,1,"LAC",24,369,2,3,3,51
2021,8,2021-10-31 16:25:00,"TB",27,421,3,"NO",36,361,0,-9,9,63
2021,8,2021-10-31 16:25:00,"WAS",10,342,2,"DEN",17,273,1,-7,7,27
2021,8,2021-10-31 20:20:00,"DAL",20,419,2,"MIN",16,278,0,4,4,36
2021,8,2021-11-01 20:15:00,"NYG",17,300,1,"KC",20,368,2,-3,3,37
2021,9,2021-11-04 20:20:00,"NYJ",30,486,2,"IND",45,532,0,-15,15,75
2021,9,2021-11-07 13:00:00,"ATL",27,366,0,"NO",25,376,1,2,2,52
2021,9,2021-11-07 13:00:00,"BUF",6,301,3,"JAC",9,218,1,-3,3,15
2021,9,2021-11-07 13:00:00,"CLE",41,361,0,"CIN",16,348,3,25,25,57
2021,9,2021-11-07 13:00:00,"DEN",30,407,0,"DAL",16,290,2,14,14,46
2021,9,2021-11-07 13:00:00,"HOU",9,272,4,"MIA",17,262,5,-8,8,26
2021,9,2021-11-07 13:00:00,"LV",16,403,3,"NYG",23,247,1,-7,7,39
2021,9,2021-11-07 13:00:00,"MIN",31,318,0,"BAL",34,500,2,-3,3,65
2021,9,2021-11-07 13:00:00,"NE",24,273,2,"CAR",6,240,3,18,18,30
2021,9,2021-11-07 16:05:00,"LAC",27,445,0,"PHI",24,331,0,3,3,51
2021,9,2021-11-07 16:25:00,"ARI",31,437,0,"SF",17,337,3,14,14,48
2021,9,2021-11-07 16:25:00,"GB",7,301,2,"KC",13,237,0,-6,6,20
2021,9,2021-11-07 20:20:00,"TEN",28,194,1,"LAR",16,347,2,12,12,44
2021,9,2021-11-08 20:15:00,"CHI",27,414,2,"PIT",29,280,1,-2,2,56
2021,10,2021-11-11 20:20:00,"BAL",10,304,2,"MIA",22,350,0,-12,12,32
2021,10,2021-11-14 13:00:00,"ATL",3,214,3,"DAL",43,431,1,-40,40,46
2021,10,2021-11-14 13:00:00,"BUF",45,489,2,"NYJ",17,366,5,28,28,62
2021,10,2021-11-14 13:00:00,"CLE",7,217,1,"NE",45,452,0,-38,38,52
2021,10,2021-11-14 13:00:00,"DET",16,306,0,"PIT",16,387,3,0,0,32
2021,10,2021-11-14 13:00:00,"JAC",17,331,1,"IND",23,295,0,-6,6,40
2021,10,2021-11-14 13:00:00,"NO",21,373,1,"TEN",23,264,0,-2,2,44
2021,10,2021-11-14 13:00:00,"TB",19,273,2,"WAS",29,320,1,-10,10,48
2021,10,2021-11-14 16:05:00,"CAR",34,341,2,"ARI",10,169,2,24,24,44
2021,10,2021-11-14 16:05:00,"MIN",27,381,1,"LAC",20,253,1,7,7,47
2021,10,2021-11-14 16:25:00,"PHI",30,386,1,"DEN",13,308,1,17,17,43
2021,10,2021-11-14 16:25:00,"SEA",0,208,2,"GB",17,393,1,-17,17,17
2021,10,2021-11-14 20:20:00,"KC",41,516,1,"LV",14,299,2,27,27,55
2021,10,2021-11-15 20:15:00,"LAR",10,278,2,"SF",31,335,0,-21,21,41
2021,11,2021-11-18 20:20:00,"NE",25,308,1,"ATL",0,165,4,25,25,25
2021,11,2021-11-21 13:00:00,"BAL",16,299,1,"CHI",13,353,1,3,3,29
2021,11,2021-11-21 13:00:00,"DET",10,245,2,"CLE",13,349,2,-3,3,23
2021,11,2021-11-21 13:00:00,"GB",31,467,0,"MIN",34,408,0,-3,3,65
2021,11,2021-11-21 13:00:00,"HOU",22,190,0,"TEN",13,420,5,9,9,35
2021,11,2021-11-21 13:00:00,"IND",41,370,0,"BUF",15,311,4,26,26,56
2021,11,2021-11-21 13:00:00,"MIA",24,388,1,"NYJ",17,380,1,7,7,41
2021,11,2021-11-21 13:00:00,"NO",29,323,3,"PHI",40,380,1,-11,11,69
2021,11,2021-11-21 13:00:00,"SF",30,333,0,"JAC",10,200,2,20,20,40
2021,11,2021-11-21 13:00:00,"WAS",27,369,1,"CAR",21,297,0,6,6,48
2021,11,2021-11-21 16:05:00,"CIN",32,288,1,"LV",13,278,2,19,19,45
2021,11,2021-11-21 16:25:00,"ARI",23,413,0,"SEA",13,266,0,10,10,36
2021,11,2021-11-21 16:25:00,"DAL",9,276,3,"KC",19,370,2,-10,10,28
2021,11,2021-11-21 20:20:00,"PIT",37,300,0,"LAC",41,533,1,-4,4,78
2021,11,2021-11-22 20:15:00,"NYG",10,215,3,"TB",30,402,1,-20,20,40
2021,12,2021-11-25 12:30:00,"CHI",16,378,1,"DET",14,239,1,2,2,30
2021,12,2021-11-25 16:30:00,"LV",36,509,0,"DAL",33,437,0,3,3,69
2021,12,2021-11-25 20:20:00,"BUF",31,361,2,"NO",6,190,1,25,25,37
2021,12,2021-11-28 13:00:00,"ATL",21,332,1,"JAC",14,357,2,7,7,35
2021,12,2021-11-28 13:00:00,"CAR",10,198,3,"MIA",33,315,1,-23,23,43
2021,12,2021-11-28 13:00:00,"NYJ",21,266,1,"HOU",14,202,1,7,7,35
2021,12,2021-11-28 13:00:00,"PHI",7,332,4,"NYG",13,264,0,-6,6,20
2021,12,2021-11-28 13:00:00,"PIT",10,301,3,"CIN",41,370,1,-31,31,51
2021,12,2021-11-28 13:00:00,"TB",38,359,2,"IND",31,392,5,7,7,69
2021,12,2021-11-28 13:00:00,"TEN",13,355,4,"NE",36,394,0,-23,23,49
2021,12,2021-11-28 16:05:00,"LAC",13,357,2,"DEN",28,302,1,-15,15,41
2021,12,2021-11-28 16:25:00,"LAR",28,353,3,"GB",36,399,1,-8,8,64
2021,12,2021-11-28 16:25:00,"MIN",26,323,2,"SF",34,423,1,-8,8,60
2021,12,2021-11-28 20:20:00,"CLE",10,262,2,"BAL",16,303,4,-6,6,26
2021,12,2021-11-29 20:15:00,"SEA",15,267,1,"WAS",17,371,1,-2,2,32
2021,13,2021-12-02 20:20:00,"DAL",27,377,1,"NO",17,405,4,10,10,44
2021,13,2021-12-05 13:00:00,"ARI",33,257,0,"CHI",22,329,4,11,11,55
2021,13,2021-12-05 13:00:00,"IND",31,389,1,"HOU",0,141,2,31,31,31
2021,13,2021-12-05 13:00:00,"LAC",41,363,3,"CIN",22,356,4,19,19,63
2021,13,2021-12-05 13:00:00,"MIN",27,426,1,"DET",29,372,2,-2,2,56
2021,13,2021-12-05 13:00:00,"NYG",9,250,1,"MIA",20,297,0,-11,11,29
2021,13,2021-12-05 13:00:00,"PHI",33,418,0,"NYJ",18,281,1,15,15,51
2021,13,2021-12-05 13:00:00,"TB",30,425,1,"ATL",17,380,1,13,13,47
2021,13,2021-12-05 16:00:00,"SF",23,365,3,"SEA",30,327,3,-7,7,53
2021,13,2021-12-05 16:05:00,"WAS",17,298,1,"LV",15,310,0,2,2,32
2021,13,2021-12-05 16:25:00,"BAL",19,326,1,"PIT",20,321,0,-1,1,39
2021,13,2021-12-05 16:25:00,"JAC",7,197,2,"LAR",37,418,0,-30,30,44
2021,13,2021-12-05 20:20:00,"DEN",9,404,3,"KC",22,267,1,-13,13,31
2021,13,2021-12-06 20:15:00,"NE",14,241,1,"BUF",10,230,1,4,4,24
2021,14,2021-12-09 20:20:00,"PIT",28,375,1,"MIN",36,458,2,-8,8,64
2021,14,2021-12-12 13:00:00,"ATL",29,318,1,"CAR",21,334,3,8,8,50
2021,14,2021-12-12 13:00:00,"BAL",22,389,2,"CLE",24,290,1,-2,2,46
2021,14,2021-12-12 13:00:00,"DAL",27,323,2,"WAS",20,224,4,7,7,47
2021,14,2021-12-12 13:00:00,"JAC",0,192,4,"TEN",20,263,0,-20,20,20
2021,14,2021-12-12 13:00:00,"LV",9,290,5,"KC",48,372,0,-39,39,57
2021,14,2021-12-12 13:00:00,"NO",30,344,0,"NYJ",9,256,0,21,21,39
2021,14,2021-12-12 13:00:00,"SF",26,355,0,"CIN",23,397,2,3,3,49
2021,14,2021-12-12 13:00:00,"SEA",33,453,0,"HOU",13,380,0,20,20,46
2021,14,2021-12-12 16:05:00,"DET",10,316,2,"DEN",38,358,0,-28,28,48
2021,14,2021-12-12 16:05:00,"NYG",21,316,2,"LAC",37,423,0,-16,16,58
2021,14,2021-12-12 16:25:00,"BUF",27,466,1,"TB",33,488,0,-6,6,60
2021,14,2021-12-12 20:20:00,"CHI",30,347,3,"GB",45,439,0,-15,15,75
2021,14,2021-12-13 20:15:00,"LAR",30,356,0,"ARI",23,447,2,7,7,53
2021,15,2021-12-16 20:20:00,"KC",34,496,2,"LAC",28,428,2,6,6,62
2021,15,2021-12-18 20:20:00,"NE",17,365,2,"IND",27,275,1,-10,10,44
2021,15,2021-12-19 13:00:00,"ARI",12,398,1,"DET",30,338,1,-18,18,42
2021,15,2021-12-19 13:00:00,"CAR",14,275,1,"BUF",31,312,1,-17,17,45
2021,15,2021-12-19 13:00:00,"DAL",21,328,1,"NYG",6,302,4,15,15,27
2021,15,2021-12-19 13:00:00,"GB",31,346,0,"BAL",30,354,0,1,1,61
2021,15,2021-12-19 13:00:00,"HOU",30,281,1,"JAC",16,296,0,14,14,46
2021,15,2021-12-19 13:00:00,"NYJ",24,228,1,"MIA",31,379,3,-7,7,55
2021,15,2021-12-19 13:00:00,"TEN",13,318,4,"PIT",19,168,0,-6,6,32
2021,15,2021-12-19 16:05:00,"ATL",13,275,1,"SF",31,397,1,-18,18,44
2021,15,2021-12-19 16:05:00,"CIN",15,249,0,"DEN",10,292,1,5,5,25
2021,15,2021-12-19 20:20:00,"NO",9,212,0,"TB",0,302,2,9,9,9
2021,15,2021-12-20 17:00:00,"LV",16,328,2,"CLE",14,236,0,2,2,30
2021,15,2021-12-20 20:15:00,"MIN",17,193,1,"CHI",9,370,3,8,8,26
2021,15,2021-12-21 19:00:00,"SEA",10,214,1,"LAR",20,332,1,-10,10,30
2021,15,2021-12-21 19:00:00,"WAS",17,237,0,"PHI",27,519,2,-10,10,44
2021,16,2021-12-23 20:20:00,"SF",17,389,2,"TEN",20,278,0,-3,3,37
2021,16,2021-12-25 16:30:00,"CLE",22,408,4,"GB",24,311,0,-2,2,46
2021,16,2021-12-25 20:15:00,"IND",22,346,0,"ARI",16,378,0,6,6,38
2021,16,2021-12-26 13:00:00,"BAL",21,334,1,"CIN",41,575,0,-20,20,62
2021,16,2021-12-26 13:00:00,"BUF",33,428,0,"NE",21,288,2,12,12,54
2021,16,2021-12-26 13:00:00,"DET",16,338,1,"ATL",20,254,1,-4,4,36
2021,16,2021-12-26 13:00:00,"JAC",21,384,1,"NYJ",26,373,0,-5,5,47
2021,16,2021-12-26 13:00:00,"LAC",29,417,3,"HOU",41,437,0,-12,12,70
2021,16,2021-12-26 13:00:00,"LAR",30,356,3,"MIN",23,361,1,7,7,53
2021,16,2021-12-26 13:00:00,"NYG",10,192,2,"PHI",34,324,0,-24,24,44
2021,16,2021-12-26 13:00:00,"TB",32,391,0,"CAR",6,273,1,26,26,38
2021,16,2021-12-26 16:05:00,"CHI",25,317,0,"SEA",24,331,0,1,1,49
2021,16,2021-12-26 16:25:00,"DEN",13,158,0,"LV",17,342,3,-4,4,30
2021,16,2021-12-26 16:25:00,"PIT",10,303,3,"KC",36,381,0,-26,26,46
2021,16,2021-12-26 20:20:00,"WAS",14,257,2,"DAL",56,497,0,-42,42,70
2021,16,2021-12-27 20:15:00,"MIA",20,259,1,"NO",3,164,2,17,17,23
2021,17,2022-01-02 13:00:00,"ATL",15,265,1,"BUF",29,351,3,-14,14,44
2021,17,2022-01-02 13:00:00,"CAR",10,178,2,"NO",18,280,0,-8,8,28
2021,17,2022-01-02 13:00:00,"JAC",10,253,3,"NE",50,471,0,-40,40,60
2021,17,2022-01-02 13:00:00,"KC",31,414,0,"CIN",34,475,0,-3,3,65
2021,17,2022-01-02 13:00:00,"LV",23,326,2,"IND",20,262,0,3,3,43
2021,17,2022-01-02 13:00:00,"MIA",3,256,2,"TEN",34,308,0,-31,31,37
2021,17,2022-01-02 13:00:00,"NYG",3,155,4,"CHI",29,249,2,-26,26,32
2021,17,2022-01-02 13:00:00,"PHI",20,330,0,"WAS",16,312,1,4,4,36
2021,17,2022-01-02 13:00:00,"TB",28,467,1,"NYJ",24,374,1,4,4,52
2021,17,2022-01-02 16:05:00,"DEN",13,319,1,"LAC",34,341,0,-21,21,47
2021,17,2022-01-02 16:05:00,"HOU",7,222,1,"SF",23,416,1,-16,16,30
2021,17,2022-01-02 16:25:00,"ARI",25,399,0,"DAL",22,301,1,3,3,47
2021,17,2022-01-02 16:25:00,"DET",29,357,3,"SEA",51,497,0,-22,22,80
2021,17,2022-01-02 16:25:00,"LAR",20,373,3,"BAL",19,327,2,1,1,39
2021,17,2022-01-02 20:20:00,"MIN",10,206,0,"GB",37,481,0,-27,27,47
2021,17,2022-01-03 20:15:00,"CLE",14,232,2,"PIT",26,299,1,-12,12,40
2021,18,2022-01-08 16:30:00,"KC",28,390,0,"DEN",24,364,1,4,4,52
2021,18,2022-01-08 20:15:00,"DAL",51,475,0,"PHI",26,315,1,25,25,77
2021,18,2022-01-09 13:00:00,"CAR",17,317,2,"TB",41,409,0,-24,24,58
2021,18,2022-01-09 13:00:00,"CHI",17,356,2,"MIN",31,331,0,-14,14,48
2021,18,2022-01-09 13:00:00,"CIN",16,182,0,"CLE",21,376,2,-5,5,37
2021,18,2022-01-09 13:00:00,"GB",30,378,3,"DET",37,404,0,-7,7,67
2021,18,2022-01-09 13:00:00,"IND",11,233,2,"JAC",26,318,0,-15,15,37
2021,18,2022-01-09 13:00:00,"NE",24,379,3,"MIA",33,298,0,-9,9,57
2021,18,2022-01-09 13:00:00,"NO",30,369,0,"ATL",20,257,3,10,10,50
2021,18,2022-01-09 13:00:00,"PIT",16,314,1,"BAL",13,381,3,3,3,29
2021,18,2022-01-09 13:00:00,"TEN",28,405,0,"HOU",25,353,0,3,3,53
2021,18,2022-01-09 13:00:00,"WAS",22,325,0,"NYG",7,177,3,15,15,29
2021,18,2022-01-09 16:25:00,"NYJ",10,53,0,"BUF",27,424,0,-17,17,37
2021,18,2022-01-09 16:25:00,"SF",27,449,2,"LAR",24,265,2,3,3,51
2021,18,2022-01-09 16:25:00,"SEA",38,431,2,"ARI",30,305,1,8,8,68
2021,18,2022-01-09 20:25:00,"LAC",32,440,2,"LV",35,346,0,-3,3,67
2021,101,2022-01-15 16:30:00,"LV",19,385,2,"CIN",26,308,0,-7,7,45
2021,101,2022-01-15 20:15:00,"NE",17,305,2,"BUF",47,482,0,-30,30,64
2021,101,2022-01-16 13:00:00,"PHI",15,339,3,"TB",31,349,0,-16,16,46
2021,101,2022-01-16 16:40:00,"SF",23,341,1,"DAL",17,307,1,6,6,40
2021,101,2022-01-16 20:15:00,"PIT",21,257,1,"KC",42,478,2,-21,21,63
2021,101,2022-01-17 20:15:00,"ARI",11,183,2,"LAR",34,375,0,-23,23,45
2021,102,2022-01-22 16:30:00,"CIN",19,345,1,"TEN",16,353,3,3,3,35
2021,102,2022-01-22 20:15:00,"SF",13,212,1,"GB",10,263,1,3,3,23
2021,102,2022-01-23 15:00:00,"LAR",30,428,4,"TB",27,359,2,3,3,57
2021,102,2022-01-23 18:30:00,"BUF",36,422,0,"KC",42,552,0,-6,6,78
2021,103,2022-01-30 15:00:00,"CIN",27,359,1,"KC",24,375,2,3,3,51
2021,103,2022-01-30 18:30:00,"SF",17,282,1,"LAR",20,396,1,-3,3,37
2021,104,2022-02-13 18:30:00,"CIN",20,305,0,"LAR",23,313,2,-3,3,43
2022,1,2022-09-08 20:20:00,"BUF",31,413,4,"LAR",10,243,3,21,21,41
2022,1,2022-09-11 13:00:00,"BAL",24,274,1,"NYJ",9,380,2,15,15,33
2022,1,2022-09-11 13:00:00,"CLE",26,355,0,"CAR",24,261,1,2,2,50
2022,1,2022-09-11 13:00:00,"IND",20,517,2,"HOU",20,299,1,0,0,40
2022,1,2022-09-11 13:00:00,"JAC",22,383,1,"WAS",28,390,3,-6,6,50
2022,1,2022-09-11 13:00:00,"NE",7,271,3,"MIA",20,307,0,-13,13,27
2022,1,2022-09-11 13:00:00,"NO",27,385,1,"ATL",26,416,2,1,1,53
2022,1,2022-09-11 13:00:00,"PHI",38,455,0,"DET",35,386,1,3,3,73
2022,1,2022-09-11 13:00:00,"PIT",23,267,0,"CIN",20,432,5,3,3,43
2022,1,2022-09-11 13:00:00,"SF",10,331,2,"CHI",19,204,1,-9,9,29
2022,1,2022-09-11 16:25:00,"GB",7,338,2,"MIN",23,395,0,-16,16,30
2022,1,2022-09-11 16:25:00,"KC",44,488,1,"ARI",21,282,0,23,23,65
2022,1,2022-09-11 16:25:00,"LV",19,320,3,"LAC",24,355,0,-5,5,43
2022,1,2022-09-11 16:25:00,"NYG",21,394,2,"TEN",20,359,1,1,1,41
2022,1,2022-09-11 20:20:00,"TB",19,347,1,"DAL",3,244,1,16,16,22
2022,1,2022-09-12 20:20:00,"DEN",16,433,2,"SEA",17,253,1,-1,1,33
2022,2,2022-09-15 20:15:00,"LAC",24,401,1,"KC",27,319,0,-3,3,51
2022,2,2022-09-18 13:00:00,"CAR",16,275,2,"NYG",19,265,0,-3,3,35
2022,2,2022-09-18 13:00:00,"IND",0,218,3,"JAC",24,331,0,-24,24,24
2022,2,2022-09-18 13:00:00,"MIA",42,547,2,"BAL",38,473,0,4,4,80
2022,2,2022-09-18 13:00:00,"NE",17,376,1,"PIT",14,243,2,3,3,31
2022,2,2022-09-18 13:00:00,"NYJ",31,402,1,"CLE",30,405,1,1,1,61
2022,2,2022-09-18 13:00:00,"TB",20,260,1,"NO",10,308,5,10,10,30
2022,2,2022-09-18 13:00:00,"WAS",27,396,1,"DET",36,425,0,-9,9,63
2022,2,2022-09-18 16:05:00,"ATL",27,261,3,"LAR",31,337,3,-4,4,58
2022,2,2022-09-18 16:05:00,"SEA",7,216,3,"SF",27,373,0,-20,20,34
2022,2,2022-09-18 16:25:00,"ARI",29,413,1,"LV",23,324,1,6,6,52
2022,2,2022-09-18 16:25:00,"CIN",17,254,0,"DAL",20,337,1,-3,3,37
2022,2,2022-09-18 16:25:00,"HOU",9,234,0,"DEN",16,350,1,-7,7,25
2022,2,2022-09-18 20:20:00,"CHI",10,228,1,"GB",27,414,1,-17,17,37
2022,2,2022-09-19 19:15:00,"TEN",7,187,4,"BUF",41,414,0,-34,34,48
2022,2,2022-09-19 20:30:00,"MIN",7,264,3,"PHI",24,486,1,-17,17,31
2022,3,2022-09-22 20:15:00,"PIT",17,308,1,"CLE",29,376,0,-12,12,46
2022,3,2022-09-25 13:00:00,"BAL",37,394,2,"NE",26,447,4,11,11,63
2022,3,2022-09-25 13:00:00,"BUF",19,497,1,"MIA",21,212,0,-2,2,40
2022,3,2022-09-25 13:00:00,"CIN",27,330,1,"NYJ",12,328,4,15,15,39
2022,3,2022-09-25 13:00:00,"DET",24,416,1,"MIN",28,373,1,-4,4,52
2022,3,2022-09-25 13:00:00,"HOU",20,329,2,"CHI",23,363,2,-3,3,43
2022,3,2022-09-25 13:00:00,"KC",17,315,2,"IND",20,259,1,-3,3,37
2022,3,2022-09-25 13:00:00,"LV",22,396,1,"TEN",24,361,1,-2,2,46
2022,3,2022-09-25 13:00:00,"NO",14,426,3,"CAR",22,293,0,-8,8,36
2022,3,2022-09-25 13:00:00,"PHI",24,400,0,"WAS",8,240,1,16,16,32
2022,3,2022-09-25 16:05:00,"JAC",38,413,0,"LAC",10,312,2,28,28,48
2022,3,2022-09-25 16:25:00,"ATL",27,386,2,"SEA",23,420,1,4,4,50
2022,3,2022-09-25 16:25:00,"GB",14,315,2,"TB",12,285,2,2,2,26
2022,3,2022-09-25 16:25:00,"LAR",20,339,1,"ARI",12,365,0,8,8,32
2022,3,2022-09-25 20:20:00,"SF",10,267,3,"DEN",11,261,0,-1,1,21
2022,3,2022-09-26 20:15:00,"DAL",23,391,0,"NYG",16,336,1,7,7,39
2022,4,2022-09-29 20:15:00,"MIA",15,378,2,"CIN",27,371,0,-12,12,42
2022,4,2022-10-02 09:30:00,"MIN",28,344,1,"NO",25,338,2,3,3,53
2022,4,2022-10-02 13:00:00,"BUF",23,326,2,"BAL",20,296,2,3,3,43
2022,4,2022-10-02 13:00:00,"CHI",12,304,3,"NYG",20,333,2,-8,8,32
2022,4,2022-10-02 13:00:00,"CLE",20,403,2,"ATL",23,333,1,-3,3,43
2022,4,2022-10-02 13:00:00,"JAC",21,219,5,"PHI",29,401,1,-8,8,50
2022,4,2022-10-02 13:00:00,"LAC",34,419,1,"HOU",24,346,2,10,10,58
2022,4,2022-10-02 13:00:00,"NYJ",24,348,2,"PIT",20,297,4,4,4,44
2022,4,2022-10-02 13:00:00,"SEA",48,555,1,"DET",45,520,2,3,3,93
2022,4,2022-10-02 13:00:00,"TEN",24,243,0,"IND",17,365,3,7,7,41
2022,4,2022-10-02 13:00:00,"WAS",10,297,2,"DAL",25,279,0,-15,15,35
2022,4,2022-10-02 16:05:00,"ARI",26,338,1,"CAR",16,220,3,10,10,42
2022,4,2022-10-02 16:25:00,"DEN",23,299,1,"LV",32,385,0,-9,9,55
2022,4,2022-10-02 16:25:00,"NE",24,271,1,"GB",27,443,2,-3,3,51
2022,4,2022-10-02 20:20:00,"KC",41,417,1,"TB",31,376,2,10,10,72
2022,4,2022-10-03 20:15:00,"LAR",9,257,2,"SF",24,327,0,-15,15,33
2022,5,2022-10-06 20:15:00,"IND",12,306,2,"DEN",9,375,2,3,3,21
2022,5,2022-10-09 09:30:00,"NYG",27,338,0,"GB",22,301,0,5,5,49
2022,5,2022-10-09 13:00:00,"ATL",15,261,0,"TB",21,420,0,-6,6,36
2022,5,2022-10-09 13:00:00,"CHI",22,271,1,"MIN",29,429,1,-7,7,51
2022,5,2022-10-09 13:00:00,"DET",0,312,2,"NE",29,364,1,-29,29,29
2022,5,2022-10-09 13:00:00,"HOU",13,248,0,"JAC",6,422,2,7,7,19
2022,5,2022-10-09 13:00:00,"LAC",30,465,0,"CLE",28,443,1,2,2,58
2022,5,2022-10-09 13:00:00,"MIA",17,295,2,"NYJ",40,322,0,-23,23,57
2022,5,2022-10-09 13:00:00,"PIT",3,364,2,"BUF",38,552,2,-35,35,41
2022,5,2022-10-09 13:00:00,"SEA",32,396,1,"NO",39,438,2,-7,7,71
2022,5,2022-10-09 13:00:00,"TEN",21,241,0,"WAS",17,385,1,4,4,38
2022,5,2022-10-09 16:05:00,"SF",37,397,1,"CAR",15,308,1,22,22,52
2022,5,2022-10-09 16:25:00,"DAL",22,239,0,"LAR",10,323,3,12,12,32
2022,5,2022-10-09 16:25:00,"PHI",20,357,0,"ARI",17,363,1,3,3,37
2022,5,2022-10-09 20:20:00,"CIN",17,291,1,"BAL",19,325,1,-2,2,36
2022,5,2022-10-10 20:15:00,"LV",29,378,0,"KC",30,368,0,-1,1,59
2022,6,2022-10-13 20:15:00,"WAS",12,214,0,"CHI",7,391,2,5,5,19
2022,6,2022-10-16 13:00:00,"BAL",20,406,2,"NYG",24,238,1,-4,4,44
2022,6,2022-10-16 13:00:00,"CIN",30,348,1,"NO",26,399,0,4,4,56
2022,6,2022-10-16 13:00:00,"JAC",27,379,1,"IND",34,434,0,-7,7,61
2022,6,2022-10-16 13:00:00,"MIN",24,234,0,"MIA",16,458,3,8,8,40
2022,6,2022-10-16 13:00:00,"NE",38,399,1,"CLE",15,328,4,23,23,53
2022,6,2022-10-16 13:00:00,"NYJ",27,278,0,"GB",10,278,1,17,17,37
2022,6,2022-10-16 13:00:00,"SF",14,346,3,"ATL",28,289,0,-14,14,42
2022,6,2022-10-16 13:00:00,"TB",18,304,0,"PIT",20,270,0,-2,2,38
2022,6,2022-10-16 16:05:00,"ARI",9,315,2,"SEA",19,296,1,-10,10,28
2022,6,2022-10-16 16:05:00,"CAR",10,203,1,"LAR",24,360,1,-14,14,34
2022,6,2022-10-16 16:25:00,"BUF",24,443,1,"KC",20,387,2,4,4,44
2022,6,2022-10-16 20:20:00,"DAL",17,315,3,"PHI",26,268,0,-9,9,43
2022,6,2022-10-17 20:15:00,"DEN",16,258,1,"LAC",19,297,1,-3,3,35
2022,7,2022-10-20 20:15:00,"NO",34,494,3,"ARI",42,326,0,-8,8,76
2022,7,2022-10-23 13:00:00,"ATL",17,214,0,"CIN",35,537,0,-18,18,52
2022,7,2022-10-23 13:00:00,"CLE",20,336,2,"BAL",23,254,1,-3,3,43
2022,7,2022-10-23 13:00:00,"DET",6,312,5,"DAL",24,330,1,-18,18,30
2022,7,2022-10-23 13:00:00,"GB",21,232,1,"WAS",23,364,1,-2,2,44
2022,7,2022-10-23 13:00:00,"IND",10,292,3,"TEN",19,254,1,-9,9,29
2022,7,2022-10-23 13:00:00,"NYG",23,436,0,"JAC",17,452,1,6,6,40
2022,7,2022-10-23 13:00:00,"TB",3,322,0,"CAR",21,343,0,-18,18,24
2022,7,2022-10-23 16:05:00,"HOU",20,404,1,"LV",38,400,0,-18,18,58
2022,7,2022-10-23 16:05:00,"NYJ",16,260,0,"DEN",9,324,1,7,7,25
2022,7,2022-10-23 16:25:00,"KC",44,529,2,"SF",23,444,3,21,21,67
2022,7,2022-10-23 16:25:00,"SEA",37,404,2,"LAC",23,329,2,14,14,60
2022,7,2022-10-23 20:20:00,"PIT",10,341,3,"MIA",16,372,0,-6,6,26
2022,7,2022-10-24 20:15:00,"CHI",33,390,1,"NE",14,260,4,19,19,47
2022,8,2022-10-27 20:15:00,"BAL",27,453,0,"TB",22,349,1,5,5,49
2022,8,2022-10-30 09:30:00,"DEN",21,331,1,"JAC",17,305,2,4,4,38
2022,8,2022-10-30 13:00:00,"ARI",26,375,3,"MIN",34,381,1,-8,8,60
2022,8,2022-10-30 13:00:00,"CAR",34,478,1,"ATL",37,406,2,-3,3,71
2022,8,2022-10-30 13:00:00,"CHI",29,371,1,"DAL",49,442,1,-20,20,78
2022,8,2022-10-30 13:00:00,"LV",0,183,1,"NO",24,367,0,-24,24,24
2022,8,2022-10-30 13:00:00,"MIA",31,476,1,"DET",27,393,0,4,4,58
2022,8,2022-10-30 13:00:00,"NE",22,288,1,"NYJ",17,387,3,5,5,39
2022,8,2022-10-30 13:00:00,"PIT",13,302,2,"PHI",35,401,0,-22,22,48
2022,8,2022-10-30 16:05:00,"TEN",17,354,2,"HOU",10,161,1,7,7,27
2022,8,2022-10-30 16:25:00,"NYG",13,225,2,"SEA",27,277,1,-14,14,40
2022,8,2022-10-30 16:25:00,"SF",31,368,0,"LAR",14,223,0,17,17,45
2022,8,2022-10-30 16:25:00,"WAS",17,362,1,"IND",16,324,2,1,1,33
2022,8,2022-10-30 20:20:00,"GB",17,398,1,"BUF",27,369,2,-10,10,44
2022,8,2022-10-31 20:15:00,"CIN",13,229,2,"CLE",32,440,2,-19,19,45
2022,9,2022-11-03 20:15:00,"PHI",29,360,1,"HOU",17,303,2,12,12,46
2022,9,2022-11-06 13:00:00,"BUF",17,317,2,"NYJ",20,310,1,-3,3,37
2022,9,2022-11-06 13:00:00,"CAR",21,228,3,"CIN",42,464,0,-21,21,63
2022,9,2022-11-06 13:00:00,"GB",9,389,3,"DET",15,254,1,-6,6,24
2022,9,2022-11-06 13:00:00,"IND",3,121,1,"NE",26,203,1,-23,23,29
2022,9,2022-11-06 13:00:00,"LV",20,321,1,"JAC",27,403,1,-7,7,47
2022,9,2022-11-06 13:00:00,"LAC",20,336,2,"ATL",17,315,2,3,3,37
2022,9,2022-11-06 13:00:00,"MIA",35,379,0,"CHI",32,368,0,3,3,67
2022,9,2022-11-06 13:00:00,"MIN",20,301,1,"WAS",17,263,1,3,3,37
2022,9,2022-11-06 16:05:00,"SEA",31,421,1,"ARI",21,262,1,10,10,52
2022,9,2022-11-06 16:25:00,"LAR",13,206,0,"TB",16,323,0,-3,3,29
2022,9,2022-11-06 20:20:00,"TEN",17,229,0,"KC",20,499,1,-3,3,37
2022,9,2022-11-07 20:15:00,"BAL",27,319,0,"NO",13,243,1,14,14,40
2022,10,2022-11-10 20:15:00,"ATL",15,291,1,"CAR",25,333,0,-10,10,40
2022,10,2022-11-13 09:30:00,"SEA",16,283,1,"TB",21,419,2,-5,5,37
2022,10,2022-11-13 13:00:00,"CLE",17,297,1,"MIA",39,491,0,-22,22,56
2022,10,2022-11-13 13:00:00,"DEN",10,313,1,"TEN",17,307,1,-7,7,27
2022,10,2022-11-13 13:00:00,"DET",31,323,0,"CHI",30,408,1,1,1,61
2022,10,2022-11-13 13:00:00,"HOU",16,387,2,"NYG",24,367,0,-8,8,40
2022,10,2022-11-13 13:00:00,"JAC",17,315,0,"KC",27,486,3,-10,10,44
2022,10,2022-11-13 13:00:00,"MIN",33,481,2,"BUF",30,486,4,3,3,63
2022,10,2022-11-13 13:00:00,"NO",10,186,2,"PIT",20,379,0,-10,10,30
2022,10,2022-11-13 16:05:00,"IND",25,415,1,"LV",20,309,0,5,5,45
2022,10,2022-11-13 16:25:00,"ARI",27,298,0,"LAR",17,256,2,10,10,44
2022,10,2022-11-13 16:25:00,"DAL",28,421,2,"GB",31,415,2,-3,3,59
2022,10,2022-11-13 20:20:00,"LAC",16,238,1,"SF",22,387,1,-6,6,38
2022,10,2022-11-14 20:15:00,"WAS",32,330,2,"PHI",21,264,4,11,11,53
2022,11,2022-11-17 20:15:00,"TEN",27,408,1,"GB",17,271,0,10,10,44
2022,11,2022-11-20 13:00:00,"CAR",3,205,3,"BAL",13,308,1,-10,10,16
2022,11,2022-11-20 13:00:00,"CHI",24,288,1,"ATL",27,280,2,-3,3,51
2022,11,2022-11-20 13:00:00,"CLE",23,396,1,"BUF",31,357,0,-8,8,54
2022,11,2022-11-20 13:00:00,"DET",31,325,0,"NYG",18,413,3,13,13,49
2022,11,2022-11-20 13:00:00,"LAR",20,336,0,"NO",27,323,0,-7,7,47
2022,11,2022-11-20 13:00:00,"NYJ",3,103,0,"NE",10,297,0,-7,7,13
2022,11,2022-11-20 13:00:00,"PHI",17,314,2,"IND",16,284,1,1,1,33
2022,11,2022-11-20 13:00:00,"WAS",23,344,0,"HOU",10,148,2,13,13,33
2022,11,2022-11-20 16:05:00,"LV",22,407,0,"DEN",16,320,0,6,6,38
2022,11,2022-11-20 16:25:00,"CIN",37,408,2,"PIT",30,351,0,7,7,67
2022,11,2022-11-20 16:25:00,"DAL",40,458,0,"MIN",3,183,1,37,37,43
2022,11,2022-11-20 20:20:00,"KC",30,485,1,"LAC",27,365,2,3,3,57
2022,11,2022-11-21 20:15:00,"SF",38,387,0,"ARI",10,314,2,28,28,48
2022,12,2022-11-24 12:30:00,"BUF",28,401,1,"DET",25,326,2,3,3,53
2022,12,2022-11-24 16:30:00,"NYG",20,300,0,"DAL",28,430,2,-8,8,48
2022,12,2022-11-24 20:20:00,"NE",26,409,0,"MIN",33,358,1,-7,7,59
2022,12,2022-11-27 13:00:00,"ATL",13,332,1,"WAS",19,314,1,-6,6,32
2022,12,2022-11-27 13:00:00,"BAL",27,415,2,"JAC",28,332,1,-1,1,55
2022,12,2022-11-27 13:00:00,"CHI",10,292,1,"NYJ",31,466,0,-21,21,41
2022,12,2022-11-27 13:00:00,"CIN",20,374,0,"TEN",16,344,0,4,4,36
2022,12,2022-11-27 13:00:00,"DEN",10,246,2,"CAR",23,349,1,-13,13,33
2022,12,2022-11-27 13:00:00,"HOU",15,210,3,"MIA",30,339,1,-15,15,45
2022,12,2022-11-27 13:00:00,"TB",17,325,0,"CLE",23,367,1,-6,6,40
2022,12,2022-11-27 16:05:00,"LV",40,576,2,"SEA",34,372,2,6,6,74
2022,12,2022-11-27 16:05:00,"LAC",25,311,0,"ARI",24,366,2,1,1,49
2022,12,2022-11-27 16:25:00,"LAR",10,198,2,"KC",26,437,2,-16,16,36
2022,12,2022-11-27 16:25:00,"NO",0,260,2,"SF",13,317,0,-13,13,13
2022,12,2022-11-27 20:20:00,"GB",33,342,2,"PHI",40,500,1,-7,7,73
2022,12,2022-11-28 20:15:00,"PIT",24,323,0,"IND",17,290,2,7,7,41
2022,13,2022-12-01 20:15:00,"BUF",24,355,1,"NE",10,242,0,14,14,34
2022,13,2022-12-04 13:00:00,"CLE",27,304,2,"HOU",14,283,4,13,13,41
2022,13,2022-12-04 13:00:00,"DEN",9,272,0,"BAL",10,285,2,-1,1,19
2022,13,2022-12-04 13:00:00,"GB",28,357,0,"CHI",19,409,3,9,9,47
2022,13,2022-12-04 13:00:00,"JAC",14,266,1,"DET",40,437,0,-26,26,54
2022,13,2022-12-04 13:00:00,"NYJ",22,486,2,"MIN",27,287,0,-5,5,49
2022,13,2022-12-04 13:00:00,"PIT",19,351,0,"ATL",16,306,1,3,3,35
2022,13,2022-12-04 13:00:00,"TEN",10,209,0,"PHI",35,453,0,-25,25,45
2022,13,2022-12-04 13:00:00,"WAS",20,411,1,"NYG",20,316,1,0,0,40
2022,13,2022-12-04 16:05:00,"MIA",17,308,4,"SF",33,351,1,-16,16,50
2022,13,2022-12-04 16:05:00,"SEA",27,438,2,"LAR",23,319,2,4,4,50
2022,13,2022-12-04 16:25:00,"KC",24,349,1,"CIN",27,431,0,-3,3,51
2022,13,2022-12-04 16:25:00,"LAC",20,386,1,"LV",27,404,2,-7,7,47
2022,13,2022-12-04 20:20:00,"IND",19,309,5,"DAL",54,385,1,-35,35,73
2022,13,2022-12-05 20:15:00,"NO",16,298,0,"TB",17,350,2,-1,1,33
2022,14,2022-12-08 20:15:00,"LV",16,302,2,"LAR",17,282,1,-1,1,33
2022,14,2022-12-11 13:00:00,"BAL",16,309,0,"PIT",14,329,3,2,2,30
2022,14,2022-12-11 13:00:00,"CLE",10,344,1,"CIN",23,363,1,-13,13,33
2022,14,2022-12-11 13:00:00,"HOU",23,327,2,"DAL",27,404,3,-4,4,50
2022,14,2022-12-11 13:00:00,"JAC",36,428,0,"TEN",22,364,4,14,14,58
2022,14,2022-12-11 13:00:00,"MIN",23,416,2,"DET",34,464,0,-11,11,57
2022,14,2022-12-11 13:00:00,"NYJ",12,309,2,"BUF",20,232,0,-8,8,32
2022,14,2022-12-11 13:00:00,"PHI",48,437,0,"NYG",22,304,1,26,26,70
2022,14,2022-12-11 16:20:00,"KC",34,431,3,"DEN",28,320,2,6,6,62
2022,14,2022-12-11 16:25:00,"CAR",30,328,0,"SEA",24,287,2,6,6,54
2022,14,2022-12-11 16:25:00,"TB",7,322,3,"SF",35,404,1,-28,28,42
2022,14,2022-12-11 20:20:00,"MIA",17,219,0,"LAC",23,432,0,-6,6,40
2022,14,2022-12-12 20:15:00,"NE",27,328,1,"ARI",13,323,2,14,14,40
2022,15,2022-12-15 20:15:00,"SF",21,381,0,"SEA",13,277,1,8,8,34
2022,15,2022-12-17 13:00:00,"IND",36,341,1,"MIN",39,518,3,-3,3,75
2022,15,2022-12-17 16:30:00,"BAL",3,324,2,"CLE",13,283,0,-10,10,16
2022,15,2022-12-17 20:15:00,"MIA",29,405,0,"BUF",32,446,1,-3,3,61
2022,15,2022-12-18 13:00:00,"ATL",18,320,1,"NO",21,348,1,-3,3,39
2022,15,2022-12-18 13:00:00,"DAL",34,397,2,"JAC",40,503,3,-6,6,74
2022,15,2022-12-18 13:00:00,"DET",20,359,0,"NYJ",17,337,1,3,3,37
2022,15,2022-12-18 13:00:00,"KC",30,502,2,"HOU",24,219,1,6,6,54
2022,15,2022-12-18 13:00:00,"PHI",25,421,3,"CHI",20,248,1,5,5,45
2022,15,2022-12-18 13:00:00,"PIT",24,325,0,"CAR",16,209,0,8,8,40
2022,15,2022-12-18 16:05:00,"ARI",15,240,3,"DEN",24,324,2,-9,9,39
2022,15,2022-12-18 16:05:00,"NE",24,318,1,"LV",30,308,1,-6,6,54
2022,15,2022-12-18 16:25:00,"CIN",34,237,1,"TB",23,396,4,11,11,57
2022,15,2022-12-18 16:25:00,"TEN",14,284,1,"LAC",17,365,2,-3,3,31
2022,15,2022-12-18 20:15:00,"NYG",20,288,0,"WAS",12,387,2,8,8,32
2022,15,2022-12-19 20:15:00,"LAR",12,156,1,"GB",24,345,2,-12,12,36
2022,16,2022-12-22 20:15:00,"JAC",19,365,1,"NYJ",3,227,2,16,16,22
2022,16,2022-12-24 13:00:00,"ATL",9,327,1,"BAL",17,299,0,-8,8,26
2022,16,2022-12-24 13:00:00,"BUF",35,426,3,"CHI",13,209,2,22,22,48
2022,16,2022-12-24 13:00:00,"CIN",22,442,3,"NE",18,285,1,4,4,40
2022,16,2022-12-24 13:00:00,"DET",23,381,1,"CAR",37,570,0,-14,14,60
2022,16,2022-12-24 13:00:00,"HOU",19,285,1,"TEN",14,272,3,5,5,33
2022,16,2022-12-24 13:00:00,"NO",17,244,1,"CLE",10,249,1,7,7,27
2022,16,2022-12-24 13:00:00,"NYG",24,445,2,"MIN",27,353,0,-3,3,51
2022,16,2022-12-24 13:00:00,"SEA",10,333,1,"KC",24,297,0,-14,14,34
2022,16,2022-12-24 16:05:00,"WAS",20,349,2,"SF",37,371,1,-17,17,57
2022,16,2022-12-24 16:25:00,"PHI",34,442,4,"DAL",40,419,1,-6,6,74
2022,16,2022-12-24 20:15:00,"LV",10,201,3,"PIT",13,350,1,-3,3,23
2022,16,2022-12-25 13:00:00,"GB",26,301,1,"MIA",20,376,4,6,6,46
2022,16,2022-12-25 16:30:00,"DEN",14,323,4,"LAR",51,388,0,-37,37,65
2022,16,2022-12-25 20:20:00,"TB",19,396,2,"ARI",16,325,3,3,3,35
2022,16,2022-12-26 20:15:00,"LAC",20,314,2,"IND",3,173,3,17,17,23
2022,17,2022-12-29 20:15:00,"DAL",27,361,3,"TEN",13,317,2,14,14,40
2022,17,2023-01-01 13:00:00,"ARI",19,339,0,"ATL",20,298,1,-1,1,39
2022,17,2023-01-01 13:00:00,"CAR",24,400,3,"TB",30,478,1,-6,6,54
2022,17,2023-01-01 13:00:00,"CHI",10,230,2,"DET",41,504,0,-31,31,51
2022,17,2023-01-01 13:00:00,"CLE",24,301,0,"WAS",10,260,3,14,14,34
2022,17,2023-01-01 13:00:00,"DEN",24,307,2,"KC",27,374,2,-3,3,51
2022,17,2023-01-01 13:00:00,"IND",10,252,1,"NYG",38,394,1,-28,28,48
2022,17,2023-01-01 13:00:00,"JAC",31,337,2,"HOU",3,277,1,28,28,34
2022,17,2023-01-01 13:00:00,"MIA",21,333,2,"NE",23,249,0,-2,2,44
2022,17,2023-01-01 13:00:00,"NO",20,313,1,"PHI",10,313,1,10,10,30
2022,17,2023-01-01 16:05:00,"NYJ",6,279,3,"SEA",23,346,0,-17,17,29
2022,17,2023-01-01 16:05:00,"SF",37,454,1,"LV",34,500,2,3,3,71
2022,17,2023-01-01 16:25:00,"LAR",10,277,1,"LAC",31,431,0,-21,21,41
2022,17,2023-01-01 16:25:00,"MIN",17,346,4,"GB",41,315,0,-24,24,58
2022,17,2023-01-01 20:20:00,"PIT",16,351,0,"BAL",13,240,1,3,3,29
2022,18,2023-01-07 16:30:00,"KC",31,349,0,"LV",13,279,2,18,18,44
2022,18,2023-01-07 20:15:00,"TEN",16,312,2,"JAC",20,222,1,-4,4,36
2022,18,2023-01-08 13:00:00,"BAL",16,386,4,"CIN",27,257,1,-11,11,43
2022,18,2023-01-08 13:00:00,"CAR",10,203,2,"NO",7,304,1,3,3,17
2022,18,2023-01-08 13:00:00,"CLE",14,307,2,"PIT",28,333,1,-14,14,42
2022,18,2023-01-08 13:00:00,"HOU",32,360,3,"IND",31,398,3,1,1,63
2022,18,2023-01-08 13:00:00,"MIN",29,482,2,"CHI",13,259,2,16,16,42
2022,18,2023-01-08 13:00:00,"NE",23,341,3,"BUF",35,327,3,-12,12,58
2022,18,2023-01-08 13:00:00,"NYJ",6,187,0,"MIA",11,302,0,-5,5,17
2022,18,2023-01-08 13:00:00,"TB",17,222,1,"ATL",30,382,1,-13,13,47
2022,18,2023-01-08 16:25:00,"ARI",13,255,4,"SF",38,311,0,-25,25,51
2022,18,2023-01-08 16:25:00,"DAL",6,182,2,"WAS",26,309,1,-20,20,32
2022,18,2023-01-08 16:25:00,"LAC",28,352,2,"DEN",31,471,2,-3,3,59
2022,18,2023-01-08 16:25:00,"LAR",16,269,1,"SEA",19,402,2,-3,3,35
2022,18,2023-01-08 16:25:00,"NYG",16,284,0,"PHI",22,342,1,-6,6,38
2022,18,2023-01-08 20:20:00,"DET",20,323,0,"GB",16,291,2,4,4,36
2022,101,2023-01-14 16:30:00,"SEA",23,332,2,"SF",41,505,0,-18,18,64
2022,101,2023-01-14 20:15:00,"LAC",30,320,0,"JAC",31,390,5,-1,1,61
2022,101,2023-01-15 13:00:00,"MIA",31,231,2,"BUF",34,423,3,-3,3,65
2022,101,2023-01-15 16:30:00,"NYG",31,431,0,"MIN",24,332,0,7,7,55
2022,101,2023-01-15 20:15:00,"BAL",17,364,2,"CIN",24,234,1,-7,7,41
2022,101,2023-01-16 20:15:00,"DAL",31,425,0,"TB",14,386,1,17,17,45
2022,102,2023-01-21 16:30:00,"JAC",20,349,2,"KC",27,362,0,-7,7,47
2022,102,2023-01-21 20:15:00,"NYG",7,227,1,"PHI",38,416,0,-31,31,45
2022,102,2023-01-22 15:00:00,"CIN",27,412,0,"BUF",10,325,1,17,17,37
2022,102,2023-01-22 18:30:00,"DAL",12,282,2,"SF",19,312,1,-7,7,31
2022,103,2023-01-29 15:00:00,"SF",7,164,3,"PHI",31,269,0,-24,24,38
2022,103,2023-01-29 18:30:00,"CIN",20,309,2,"KC",23,357,1,-3,3,43
2022,104,2023-02-12 18:30:00,"PHI",35,417,1,"KC",38,340,0,-3,3,73
2023,1,2023-09-07 20:20:00,"DET",21,368,1,"KC",20,316,1,1,1,41
2023,1,2023-09-10 13:00:00,"ARI",16,210,2,"WAS",20,248,3,-4,4,36
2023,1,2023-09-10 13:00:00,"CAR",10,281,3,"ATL",24,221,0,-14,14,34
2023,1,2023-09-10 13:00:00,"CIN",3,142,0,"CLE",24,350,2,-21,21,27
2023,1,2023-09-10 13:00:00,"HOU",9,268,1,"BAL",25,265,2,-16,16,34
2023,1,2023-09-10 13:00:00,"JAC",31,342,2,"IND",21,280,3,10,10,52
2023,1,2023-09-10 13:00:00,"SF",30,391,1,"PIT",7,239,2,23,23,37
2023,1,2023-09-10 13:00:00,"TB",20,242,0,"MIN",17,369,3,3,3,37
2023,1,2023-09-10 13:00:00,"TEN",15,285,3,"NO",16,351,2,-1,1,31
2023,1,2023-09-10 16:25:00,"GB",38,329,0,"CHI",20,311,2,18,18,58
2023,1,2023-09-10 16:25:00,"LV",17,261,1,"DEN",16,260,0,1,1,33
2023,1,2023-09-10 16:25:00,"LAR",30,426,0,"SEA",13,180,0,17,17,43
2023,1,2023-09-10 16:25:00,"MIA",36,536,2,"LAC",34,433,0,2,2,70
2023,1,2023-09-10 16:25:00,"PHI",25,251,1,"NE",20,382,2,5,5,45
2023,1,2023-09-10 20:20:00,"DAL",40,265,0,"NYG",0,171,3,40,40,40
2023,1,2023-09-11 20:15:00,"BUF",16,314,4,"NYJ",22,289,1,-6,6,38
2023,2,2023-09-14 20:15:00,"MIN",28,374,4,"PHI",34,430,1,-6,6,62
2023,2,2023-09-17 13:00:00,"BAL",27,415,0,"CIN",24,282,1,3,3,51
2023,2,2023-09-17 13:00:00,"CHI",17,236,2,"TB",27,437,0,-10,10,44
2023,2,2023-09-17 13:00:00,"GB",24,224,0,"ATL",25,446,1,-1,1,49
2023,2,2023-09-17 13:00:00,"IND",31,353,0,"HOU",20,389,1,11,11,51
2023,2,2023-09-17 13:00:00,"KC",17,399,3,"JAC",9,271,1,8,8,26
2023,2,2023-09-17 13:00:00,"LV",10,240,3,"BUF",38,450,0,-28,28,48
2023,2,2023-09-17 13:00:00,"LAC",24,342,0,"TEN",27,341,0,-3,3,51
2023,2,2023-09-17 13:00:00,"SEA",37,393,0,"DET",31,418,3,6,6,68
2023,2,2023-09-17 16:05:00,"NYG",31,439,1,"ARI",28,379,0,3,3,59
2023,2,2023-09-17 16:05:00,"SF",30,365,0,"LAR",23,386,2,7,7,53
2023,2,2023-09-17 16:25:00,"NYJ",10,215,4,"DAL",30,382,0,-20,20,40
2023,2,2023-09-17 16:25:00,"WAS",35,388,0,"DEN",33,399,2,2,2,68
2023,2,2023-09-17 20:20:00,"MIA",24,389,1,"NE",17,288,2,7,7,41
2023,2,2023-09-18 19:15:00,"NO",20,341,1,"CAR",17,239,1,3,3,37
2023,2,2023-09-18 20:15:00,"CLE",22,408,4,"PIT",26,255,2,-4,4,48
2023,3,2023-09-21 20:15:00,"NYG",12,150,1,"SF",30,441,0,-18,18,42
2023,3,2023-09-24 13:00:00,"ATL",6,183,1,"DET",20,358,1,-14,14,26
2023,3,2023-09-24 13:00:00,"BUF",37,386,1,"WAS",3,230,5,34,34,40
2023,3,2023-09-24 13:00:00,"DEN",20,363,3,"MIA",70,726,0,-50,50,90
2023,3,2023-09-24 13:00:00,"HOU",37,366,0,"JAC",17,404,2,20,20,54
2023,3,2023-09-24 13:00:00,"IND",22,327,0,"BAL",19,364,2,3,3,41
2023,3,2023-09-24 13:00:00,"LAC",28,475,1,"MIN",24,475,2,4,4,52
2023,3,2023-09-24 13:00:00,"NE",15,358,0,"NYJ",10,171,0,5,5,25
2023,3,2023-09-24 13:00:00,"NO",17,252,0,"GB",18,340,1,-1,1,35
2023,3,2023-09-24 13:00:00,"TEN",3,94,0,"CLE",27,341,1,-24,24,30
2023,3,2023-09-24 16:05:00,"CAR",27,378,0,"SEA",37,425,1,-10,10,64
2023,3,2023-09-24 16:25:00,"CHI",10,203,2,"KC",41,456,2,-31,31,51
2023,3,2023-09-24 16:25:00,"DAL",16,416,1,"ARI",28,400,0,-12,12,44
2023,3,2023-09-24 20:20:00,"PIT",23,333,0,"LV",18,362,3,5,5,41
2023,3,2023-09-25 19:15:00,"PHI",25,472,2,"TB",11,174,2,14,14,36
2023,3,2023-09-25 20:15:00,"LAR",16,292,2,"CIN",19,309,1,-3,3,35
2023,4,2023-09-28 20:15:00,"DET",34,401,1,"GB",20,230,2,14,14,54
2023,4,2023-10-01 09:30:00,"ATL",7,287,3,"JAC",23,300,0,-16,16,30
2023,4,2023-10-01 13:00:00,"BAL",28,296,1,"CLE",3,166,3,25,25,31
2023,4,2023-10-01 13:00:00,"CIN",3,211,1,"TEN",27,400,1,-24,24,30
2023,4,2023-10-01 13:00:00,"DEN",31,311,0,"CHI",28,471,2,3,3,59
2023,4,2023-10-01 13:00:00,"LAR",29,467,1,"IND",23,329,1,6,6,52
2023,4,2023-10-01 13:00:00,"MIA",20,393,2,"BUF",48,414,0,-28,28,68
2023,4,2023-10-01 13:00:00,"MIN",21,265,2,"CAR",13,232,1,8,8,34
2023,4,2023-10-01 13:00:00,"PIT",6,225,1,"HOU",30,451,0,-24,24,36
2023,4,2023-10-01 13:00:00,"TB",26,353,1,"NO",9,197,3,17,17,35
2023,4,2023-10-01 13:00:00,"WAS",31,365,0,"PHI",34,415,0,-3,3,65
2023,4,2023-10-01 16:05:00,"LV",17,264,3,"LAC",24,305,1,-7,7,41
2023,4,2023-10-01 16:25:00,"ARI",16,362,0,"SF",35,395,0,-19,19,51
2023,4,2023-10-01 16:25:00,"NE",3,253,3,"DAL",38,377,0,-35,35,41
2023,4,2023-10-01 20:20:00,"KC",23,401,2,"NYJ",20,336,1,3,3,43
2023,4,2023-10-02 20:15:00,"SEA",24,281,0,"NYG",3,248,3,21,21,27
2023,5,2023-10-05 20:15:00,"CHI",40,451,0,"WAS",20,388,2,20,20,60
2023,5,2023-10-08 09:30:00,"JAC",25,474,2,"BUF",20,388,2,5,5,45
2023,5,2023-10-08 13:00:00,"BAL",10,335,3,"PIT",17,289,1,-7,7,27
2023,5,2023-10-08 13:00:00,"CAR",24,342,3,"DET",42,377,0,-18,18,66
2023,5,2023-10-08 13:00:00,"HOU",19,313,0,"ATL",21,447,2,-2,2,40
2023,5,2023-10-08 13:00:00,"NO",34,304,0,"NE",0,156,3,34,34,34
2023,5,2023-10-08 13:00:00,"NYG",16,268,0,"MIA",31,524,3,-15,15,47
2023,5,2023-10-08 13:00:00,"TEN",16,348,1,"IND",23,429,0,-7,7,39
2023,5,2023-10-08 16:05:00,"CIN",34,380,1,"ARI",20,294,3,14,14,54
2023,5,2023-10-08 16:05:00,"PHI",23,454,1,"LAR",14,249,0,9,9,37
2023,5,2023-10-08 16:25:00,"KC",27,333,0,"MIN",20,329,1,7,7,47
2023,5,2023-10-08 16:25:00,"NYJ",31,407,2,"DEN",21,308,3,10,10,52
2023,5,2023-10-08 20:20:00,"DAL",10,197,4,"SF",42,421,1,-32,32,52
2023,5,2023-10-09 20:15:00,"GB",13,285,3,"LV",17,279,1,-4,4,30
2023,6,2023-10-12 20:15:00,"DEN",8,197,3,"KC",19,389,1,-11,11,27
2023,6,2023-10-15 09:30:00,"BAL",24,360,1,"TEN",16,233,2,8,8,40
2023,6,2023-10-15 13:00:00,"CAR",21,296,0,"MIA",42,424,1,-21,21,63
2023,6,2023-10-15 13:00:00,"IND",20,354,4,"JAC",37,233,1,-17,17,57
2023,6,2023-10-15 13:00:00,"MIN",19,220,1,"CHI",13,275,3,6,6,32
2023,6,2023-10-15 13:00:00,"NO",13,430,2,"HOU",20,297,1,-7,7,33
2023,6,2023-10-15 13:00:00,"SF",17,215,1,"CLE",19,334,2,-2,2,36
2023,6,2023-10-15 13:00:00,"SEA",13,384,2,"CIN",17,214,1,-4,4,30
2023,6,2023-10-15 13:00:00,"WAS",24,193,0,"ATL",16,402,3,8,8,40
2023,6,2023-10-15 16:05:00,"NE",17,259,1,"LV",21,348,1,-4,4,38
2023,6,2023-10-15 16:25:00,"ARI",9,345,2,"LAR",26,382,1,-17,17,35
2023,6,2023-10-15 16:25:00,"DET",20,380,0,"TB",6,251,1,14,14,26
2023,6,2023-10-15 16:25:00,"PHI",14,348,4,"NYJ",20,244,0,-6,6,34
2023,6,2023-10-15 20:20:00,"NYG",9,317,0,"BUF",14,297,2,-5,5,23
2023,6,2023-10-16 20:15:00,"DAL",20,342,1,"LAC",17,272,1,3,3,37
2023,7,2023-10-19 20:15:00,"JAC",31,330,2,"NO",24,407,1,7,7,55
2023,7,2023-10-22 13:00:00,"ATL",16,401,3,"TB",13,329,2,3,3,29
2023,7,2023-10-22 13:00:00,"BUF",25,339,2,"NE",29,364,1,-4,4,54
2023,7,2023-10-22 13:00:00,"CLE",39,316,2,"IND",38,456,4,1,1,77
2023,7,2023-10-22 13:00:00,"DET",6,337,1,"BAL",38,503,1,-32,32,44
2023,7,2023-10-22 13:00:00,"LV",12,235,3,"CHI",30,323,0,-18,18,42
2023,7,2023-10-22 13:00:00,"WAS",7,273,1,"NYG",14,356,2,-7,7,21
2023,7,2023-10-22 16:05:00,"ARI",10,249,0,"SEA",20,318,3,-10,10,30
2023,7,2023-10-22 16:05:00,"PIT",24,300,0,"LAR",17,354,1,7,7,41
2023,7,2023-10-22 16:25:00,"GB",17,331,1,"DEN",19,339,0,-2,2,36
2023,7,2023-10-22 16:25:00,"LAC",17,358,2,"KC",31,483,2,-14,14,48
2023,7,2023-10-22 20:20:00,"MIA",17,244,1,"PHI",31,355,2,-14,14,48
2023,7,2023-10-23 20:15:00,"SF",17,325,3,"MIN",22,452,1,-5,5,39
2023,8,2023-10-26 20:15:00,"TB",18,302,0,"BUF",24,427,1,-6,6,42
2023,8,2023-10-29 13:00:00,"ATL",23,342,1,"TEN",28,375,1,-5,5,51
2023,8,2023-10-29 13:00:00,"HOU",13,229,1,"CAR",15,224,0,-2,2,28
2023,8,2023-10-29 13:00:00,"JAC",20,377,3,"PIT",10,261,2,10,10,30
2023,8,2023-10-29 13:00:00,"LAR",20,280,1,"DAL",43,387,1,-23,23,63
2023,8,2023-10-29 13:00:00,"MIN",24,346,1,"GB",10,270,1,14,14,34
2023,8,2023-10-29 13:00:00,"NE",17,218,1,"MIA",31,390,2,-14,14,48
2023,8,2023-10-29 13:00:00,"NO",38,511,1,"IND",27,371,1,11,11,65
2023,8,2023-10-29 13:00:00,"NYJ",13,251,2,"NYG",10,194,0,3,3,23
2023,8,2023-10-29 13:00:00,"PHI",38,374,2,"WAS",31,472,1,7,7,69
2023,8,2023-10-29 16:05:00,"CLE",20,385,3,"SEA",24,362,2,-4,4,44
2023,8,2023-10-29 16:25:00,"BAL",31,268,0,"ARI",24,310,2,7,7,55
2023,8,2023-10-29 16:25:00,"CIN",31,400,1,"SF",17,460,3,14,14,48
2023,8,2023-10-29 16:25:00,"KC",9,274,5,"DEN",24,240,1,-15,15,33
2023,8,2023-10-29 20:20:00,"CHI",13,295,2,"LAC",30,352,1,-17,17,43
2023,8,2023-10-30 20:15:00,"LV",14,157,1,"DET",26,486,3,-12,12,40
2023,9,2023-11-02 20:15:00,"TEN",16,340,1,"PIT",20,326,0,-4,4,36
2023,9,2023-11-05 09:30:00,"MIA",14,292,1,"KC",21,267,1,-7,7,35
2023,9,2023-11-05 13:00:00,"ARI",0,58,3,"CLE",27,326,0,-27,27,27
2023,9,2023-11-05 13:00:00,"CHI",17,368,5,"NO",24,301,0,-7,7,41
2023,9,2023-11-05 13:00:00,"LAR",3,187,2,"GB",20,391,2,-17,17,23
2023,9,2023-11-05 13:00:00,"MIN",31,363,2,"ATL",28,370,2,3,3,59
2023,9,2023-11-05 13:00:00,"SEA",3,151,2,"BAL",37,515,2,-34,34,40
2023,9,2023-11-05 13:00:00,"TB",37,332,1,"HOU",39,496,1,-2,2,76
2023,9,2023-11-05 13:00:00,"WAS",20,432,2,"NE",17,327,1,3,3,37
2023,9,2023-11-05 16:05:00,"IND",27,198,1,"CAR",13,275,3,14,14,40
2023,9,2023-11-05 16:25:00,"DAL",23,406,1,"PHI",28,292,0,-5,5,51
2023,9,2023-11-05 16:25:00,"NYG",6,277,2,"LV",30,334,0,-24,24,36
2023,9,2023-11-05 20:20:00,"BUF",18,317,2,"CIN",24,397,0,-6,6,42
2023,9,2023-11-06 20:15:00,"LAC",27,191,0,"NYJ",6,270,3,21,21,33
2023,10,2023-11-09 20:15:00,"CAR",13,213,0,"CHI",16,295,0,-3,3,29
2023,10,2023-11-12 09:30:00,"IND",10,264,1,"NE",6,340,2,4,4,16
2023,10,2023-11-12 13:00:00,"CLE",33,373,2,"BAL",31,306,2,2,2,64
2023,10,2023-11-12 13:00:00,"GB",19,399,2,"PIT",23,324,0,-4,4,42
2023,10,2023-11-12 13:00:00,"HOU",30,544,3,"CIN",27,380,2,3,3,57
2023,10,2023-11-12 13:00:00,"NO",19,280,2,"MIN",27,388,0,-8,8,46
2023,10,2023-11-12 13:00:00,"SF",34,437,0,"JAC",3,221,4,31,31,37
2023,10,2023-11-12 13:00:00,"TEN",6,209,1,"TB",20,340,1,-14,14,26
2023,10,2023-11-12 16:05:00,"ATL",23,254,0,"ARI",25,352,1,-2,2,48
2023,10,2023-11-12 16:05:00,"DET",41,533,0,"LAC",38,421,1,3,3,79
2023,10,2023-11-12 16:25:00,"NYG",17,172,1,"DAL",49,640,2,-32,32,66
2023,10,2023-11-12 16:25:00,"WAS",26,356,1,"SEA",29,489,0,-3,3,55
2023,10,2023-11-12 20:20:00,"NYJ",12,365,1,"LV",16,274,2,-4,4,28
2023,10,2023-11-13 20:15:00,"DEN",24,300,1,"BUF",22,369,4,2,2,46
2023,11,2023-11-16 20:15:00,"CIN",20,272,0,"BAL",34,405,0,-14,14,54
2023,11,2023-11-19 13:00:00,"ARI",16,319,2,"HOU",21,419,3,-5,5,37
2023,11,2023-11-19 13:00:00,"CHI",26,334,1,"DET",31,338,4,-5,5,57
2023,11,2023-11-19 13:00:00,"DAL",33,311,0,"CAR",10,187,2,23,23,43
2023,11,2023-11-19 13:00:00,"LV",13,296,3,"MIA",20,422,3,-7,7,33
2023,11,2023-11-19 13:00:00,"LAC",20,394,1,"GB",23,397,0,-3,3,43
2023,11,2023-11-19 13:00:00,"NYG",31,292,0,"WAS",19,404,6,12,12,50
2023,11,2023-11-19 13:00:00,"PIT",10,249,0,"CLE",13,259,1,-3,3,23
2023,11,2023-11-19 13:00:00,"TEN",14,235,2,"JAC",34,389,0,-20,20,48
2023,11,2023-11-19 16:05:00,"TB",14,287,2,"SF",27,420,0,-13,13,41
2023,11,2023-11-19 16:25:00,"NYJ",6,155,4,"BUF",32,393,1,-26,26,38
2023,11,2023-11-19 16:25:00,"SEA",16,291,1,"LAR",17,267,1,-1,1,33
2023,11,2023-11-19 20:20:00,"MIN",20,385,3,"DEN",21,295,0,-1,1,41
2023,11,2023-11-20 20:15:00,"PHI",21,238,1,"KC",17,336,2,4,4,38
2023,12,2023-11-23 12:30:00,"GB",29,377,0,"DET",22,464,3,7,7,51
2023,12,2023-11-23 16:30:00,"WAS",10,376,1,"DAL",45,431,0,-35,35,55
2023,12,2023-11-23 20:20:00,"SF",31,377,1,"SEA",13,220,2,18,18,44
2023,12,2023-11-24 15:00:00,"MIA",34,395,3,"NYJ",13,159,2,21,21,47
2023,12,2023-11-26 13:00:00,"CAR",10,258,1,"TEN",17,264,0,-7,7,27
2023,12,2023-11-26 13:00:00,"JAC",24,445,1,"HOU",21,352,0,3,3,45
2023,12,2023-11-26 13:00:00,"NE",7,283,3,"NYG",10,220,1,-3,3,17
2023,12,2023-11-26 13:00:00,"NO",15,444,2,"ATL",24,396,2,-9,9,39
2023,12,2023-11-26 13:00:00,"PIT",16,421,1,"CIN",10,222,1,6,6,26
2023,12,2023-11-26 13:00:00,"TB",20,298,2,"IND",27,394,1,-7,7,47
2023,12,2023-11-26 16:05:00,"CLE",12,269,3,"DEN",29,294,1,-17,17,41
2023,12,2023-11-26 16:05:00,"LAR",37,457,1,"ARI",14,292,0,23,23,51
2023,12,2023-11-26 16:25:00,"BUF",34,505,1,"PHI",37,378,2,-3,3,71
2023,12,2023-11-26 16:25:00,"KC",31,360,0,"LV",17,358,0,14,14,48
2023,12,2023-11-26 20:20:00,"BAL",20,361,0,"LAC",10,279,4,10,10,30
2023,12,2023-11-27 20:15:00,"CHI",12,317,2,"MIN",10,242,4,2,2,22
2023,13,2023-11-30 20:15:00,"SEA",35,406,1,"DAL",41,411,0,-6,6,76
2023,13,2023-12-03 13:00:00,"ARI",24,282,0,"PIT",10,317,1,14,14,34
2023,13,2023-12-03 13:00:00,"ATL",13,194,0,"NYJ",8,259,3,5,5,21
2023,13,2023-12-03 13:00:00,"DEN",17,282,3,"HOU",22,353,0,-5,5,39
2023,13,2023-12-03 13:00:00,"DET",33,347,0,"NO",28,362,2,5,5,61
2023,13,2023-12-03 13:00:00,"IND",31,355,2,"TEN",28,381,2,3,3,59
2023,13,2023-12-03 13:00:00,"LAC",6,241,0,"NE",0,257,1,6,6,6
2023,13,2023-12-03 13:00:00,"MIA",45,406,0,"WAS",15,245,1,30,30,60
2023,13,2023-12-03 16:05:00,"CAR",18,282,1,"TB",21,322,1,-3,3,39
2023,13,2023-12-03 16:25:00,"CLE",19,327,1,"LAR",36,399,0,-17,17,55
2023,13,2023-12-03 16:25:00,"SF",42,456,0,"PHI",19,333,0,23,23,61
2023,13,2023-12-03 20:20:00,"KC",19,337,1,"GB",27,382,0,-8,8,46
2023,13,2023-12-04 20:15:00,"CIN",34,491,1,"JAC",31,376,0,3,3,65
2023,14,2023-12-07 20:15:00,"NE",21,303,1,"PIT",18,264,1,3,3,39
2023,14,2023-12-10 13:00:00,"CAR",6,303,2,"NO",28,207,1,-22,22,34
2023,14,2023-12-10 13:00:00,"DET",13,267,3,"CHI",28,336,0,-15,15,41
2023,14,2023-12-10 13:00:00,"HOU",6,135,0,"NYJ",30,347,1,-24,24,36
2023,14,2023-12-10 13:00:00,"IND",14,272,2,"CIN",34,385,1,-20,20,48
2023,14,2023-12-10 13:00:00,"JAC",27,293,4,"CLE",31,389,3,-4,4,58
2023,14,2023-12-10 13:00:00,"LAR",31,410,0,"BAL",37,449,1,-6,6,68
2023,14,2023-12-10 13:00:00,"TB",29,290,0,"ATL",25,434,1,4,4,54
2023,14,2023-12-10 16:05:00,"MIN",3,231,0,"LV",0,202,3,3,3,3
2023,14,2023-12-10 16:05:00,"SEA",16,324,2,"SF",28,527,2,-12,12,44
2023,14,2023-12-10 16:25:00,"BUF",20,327,1,"KC",17,346,2,3,3,37
2023,14,2023-12-10 16:25:00,"DEN",24,322,1,"LAC",7,283,2,17,17,31
2023,14,2023-12-10 20:20:00,"PHI",13,324,3,"DAL",33,394,1,-20,20,46
2023,14,2023-12-11 20:15:00,"GB",22,326,3,"NYG",24,367,2,-2,2,46
2023,14,2023-12-11 20:15:00,"TEN",28,403,3,"MIA",27,366,1,1,1,55
2023,15,2023-12-14 20:15:00,"LAC",21,326,5,"LV",63,378,0,-42,42,84
2023,15,2023-12-16 13:00:00,"MIN",24,424,2,"CIN",27,378,1,-3,3,51
2023,15,2023-12-16 16:30:00,"PIT",13,216,3,"IND",30,372,0,-17,17,43
2023,15,2023-12-16 20:15:00,"DEN",17,287,1,"DET",42,448,0,-25,25,59
2023,15,2023-12-17 13:00:00,"ATL",7,204,2,"CAR",9,283,0,-2,2,16
2023,15,2023-12-17 13:00:00,"CHI",17,236,3,"CLE",20,377,3,-3,3,37
2023,15,2023-12-17 13:00:00,"HOU",19,340,1,"TEN",16,204,1,3,3,35
2023,15,2023-12-17 13:00:00,"KC",27,326,2,"NE",17,206,1,10,10,44
2023,15,2023-12-17 13:00:00,"NYG",6,193,0,"NO",24,296,0,-18,18,30
2023,15,2023-12-17 13:00:00,"NYJ",0,103,4,"MIA",30,290,0,-30,30,30
2023,15,2023-12-17 13:00:00,"TB",34,452,1,"GB",20,321,1,14,14,54
2023,15,2023-12-17 16:05:00,"SF",45,406,0,"ARI",29,436,2,16,16,74
2023,15,2023-12-17 16:05:00,"WAS",20,297,1,"LAR",28,445,2,-8,8,48
2023,15,2023-12-17 16:25:00,"DAL",10,195,1,"BUF",31,351,0,-21,21,41
2023,15,2023-12-17 20:20:00,"BAL",23,396,1,"JAC",7,333,2,16,16,30
2023,15,2023-12-18 20:15:00,"PHI",17,321,2,"SEA",20,297,0,-3,3,37
2023,16,2023-12-21 20:15:00,"NO",22,339,1,"LAR",30,458,0,-8,8,52
2023,16,2023-12-23 16:30:00,"CIN",11,368,3,"PIT",34,397,0,-23,23,45
2023,16,2023-12-23 20:00:00,"BUF",24,335,3,"LAC",22,273,0,2,2,46
2023,16,2023-12-24 13:00:00,"CLE",36,418,2,"HOU",22,250,2,14,14,58
2023,16,2023-12-24 13:00:00,"DET",30,389,1,"MIN",24,390,4,6,6,54
2023,16,2023-12-24 13:00:00,"GB",33,369,0,"CAR",30,394,0,3,3,63
2023,16,2023-12-24 13:00:00,"IND",10,262,1,"ATL",29,406,0,-19,19,39
2023,16,2023-12-24 13:00:00,"SEA",20,273,0,"TEN",17,287,0,3,3,37
2023,16,2023-12-24 13:00:00,"WAS",28,245,3,"NYJ",30,381,2,-2,2,58
2023,16,2023-12-24 16:05:00,"JAC",12,305,4,"TB",30,335,0,-18,18,42
2023,16,2023-12-24 16:25:00,"ARI",16,306,0,"CHI",27,420,1,-11,11,43
2023,16,2023-12-24 16:25:00,"DAL",20,339,1,"MIA",22,375,0,-2,2,42
2023,16,2023-12-24 20:15:00,"NE",26,289,1,"DEN",23,276,2,3,3,49
2023,16,2023-12-25 13:00:00,"LV",20,205,0,"KC",14,308,2,6,6,34
2023,16,2023-12-25 16:30:00,"NYG",25,292,1,"PHI",33,465,2,-8,8,58
2023,16,2023-12-25 20:15:00,"BAL",33,343,0,"SF",19,429,5,14,14,52
2023,17,2023-12-28 20:15:00,"NYJ",20,360,2,"CLE",37,428,3,-17,17,57
2023,17,2023-12-30 20:15:00,"DET",19,420,2,"DAL",20,384,2,-1,1,39
2023,17,2023-12-31 13:00:00,"ARI",35,449,1,"PHI",31,275,1,4,4,66
2023,17,2023-12-31 13:00:00,"ATL",17,307,4,"CHI",37,432,0,-20,20,54
2023,17,2023-12-31 13:00:00,"CAR",0,124,1,"JAC",26,317,0,-26,26,26
2023,17,2023-12-31 13:00:00,"LV",20,370,0,"IND",23,349,0,-3,3,43
2023,17,2023-12-31 13:00:00,"LAR",26,391,3,"NYG",25,389,1,1,1,51
2023,17,2023-12-31 13:00:00,"MIA",19,375,3,"BAL",56,491,1,-37,37,75
2023,17,2023-12-31 13:00:00,"NE",21,294,4,"BUF",27,281,1,-6,6,48
2023,17,2023-12-31 13:00:00,"NO",23,310,0,"TB",13,349,4,10,10,36
2023,17,2023-12-31 13:00:00,"SF",27,408,0,"WAS",10,225,2,17,17,37
2023,17,2023-12-31 13:00:00,"TEN",3,187,1,"HOU",26,312,0,-23,23,29
2023,17,2023-12-31 16:05:00,"PIT",30,468,0,"SEA",23,369,1,7,7,53
2023,17,2023-12-31 16:25:00,"CIN",17,263,0,"KC",25,373,1,-8,8,42
2023,17,2023-12-31 16:25:00,"LAC",9,301,1,"DEN",16,313,0,-7,7,25
2023,17,2023-12-31 20:20:00,"GB",33,470,1,"MIN",10,211,2,23,23,43
2023,18,2024-01-06 16:30:00,"PIT",17,289,2,"BAL",10,224,2,7,7,27
2023,18,2024-01-06 20:15:00,"HOU",23,306,0,"IND",19,360,1,4,4,42
2023,18,2024-01-07 13:00:00,"ATL",17,389,3,"NO",48,400,0,-31,31,65
2023,18,2024-01-07 13:00:00,"CLE",14,244,2,"CIN",31,328,1,-17,17,45
2023,18,2024-01-07 13:00:00,"JAC",20,362,2,"TEN",28,327,1,-8,8,48
2023,18,2024-01-07 13:00:00,"MIN",20,448,2,"DET",30,381,0,-10,10,50
2023,18,2024-01-07 13:00:00,"NYJ",17,254,1,"NE",3,119,2,14,14,20
2023,18,2024-01-07 13:00:00,"TB",9,228,0,"CAR",0,199,2,9,9,9
2023,18,2024-01-07 16:25:00,"CHI",9,192,0,"GB",17,432,1,-8,8,26
2023,18,2024-01-07 16:25:00,"DAL",38,440,1,"WAS",10,180,3,28,28,48
2023,18,2024-01-07 16:25:00,"DEN",14,286,1,"LV",27,359,0,-13,13,41
2023,18,2024-01-07 16:25:00,"KC",13,268,1,"LAC",12,353,1,1,1,25
2023,18,2024-01-07 16:25:00,"LAR",21,258,1,"SF",20,300,1,1,1,41
2023,18,2024-01-07 16:25:00,"PHI",10,299,4,"NYG",27,415,1,-17,17,37
2023,18,2024-01-07 16:25:00,"SEA",21,327,0,"ARI",20,466,0,1,1,41
2023,18,2024-01-07 20:20:00,"BUF",21,473,3,"MIA",14,275,2,7,7,35
2023,101,2024-01-13 16:30:00,"CLE",14,324,2,"HOU",45,356,0,-31,31,59
2023,101,2024-01-13 20:10:00,"MIA",7,264,1,"KC",26,409,1,-19,19,33
2023,101,2024-01-14 16:30:00,"GB",48,415,0,"DAL",32,510,2,16,16,80
2023,101,2024-01-14 20:15:00,"LAR",23,425,0,"DET",24,334,0,-1,1,47
2023,101,2024-01-15 16:30:00,"PIT",17,324,2,"BUF",31,368,0,-14,14,48
2023,101,2024-01-15 20:15:00,"PHI",9,276,0,"TB",32,426,0,-23,23,41
2023,102,2024-01-20 16:30:00,"HOU",10,213,0,"BAL",34,352,0,-24,24,44
2023,102,2024-01-20 20:15:00,"GB",21,330,2,"SF",24,356,0,-3,3,45
2023,102,2024-01-21 15:00:00,"TB",23,408,2,"DET",31,391,0,-8,8,54
2023,102,2024-01-21 18:30:00,"KC",27,361,1,"BUF",24,368,0,3,3,51
2023,103,2024-01-28 15:00:00,"KC",17,319,0,"BAL",10,336,3,7,7,27
2023,103,2024-01-28 18:30:00,"DET",31,442,1,"SF",34,413,1,-3,3,65
2023,104,2024-02-11 18:30:00,"SF",22,382,2,"KC",25,455,2,-3,3,47
2024,1,2024-09-05 20:20:00,"BAL",20,452,1,"KC",27,353,1,-7,7,47
2024,1,2024-09-06 20:15:00,"GB",29,414,1,"PHI",34,410,3,-5,5,63
2024,1,2024-09-08 13:00:00,"ARI",28,270,1,"BUF",34,352,1,-6,6,62
2024,1,2024-09-08 13:00:00,"CAR",10,193,3,"NO",47,379,1,-37,37,57
2024,1,2024-09-08 13:00:00,"HOU",29,417,0,"IND",27,303,1,2,2,56
2024,1,2024-09-08 13:00:00,"JAC",17,267,1,"MIA",20,400,0,-3,3,37
2024,1,2024-09-08 13:00:00,"MIN",28,312,2,"NYG",6,240,2,22,22,34
2024,1,2024-09-08 13:00:00,"NE",16,290,0,"CIN",10,224,2,6,6,26
2024,1,2024-09-08 13:00:00,"PIT",18,270,0,"ATL",10,226,3,8,8,28
2024,1,2024-09-08 13:00:00,"TEN",17,244,3,"CHI",24,148,1,-7,7,41
2024,1,2024-09-08 16:05:00,"DEN",20,231,3,"SEA",26,304,2,-6,6,46
2024,1,2024-09-08 16:05:00,"LV",10,296,3,"LAC",22,316,0,-12,12,32
2024,1,2024-09-08 16:25:00,"DAL",33,265,0,"CLE",17,230,2,16,16,50
2024,1,2024-09-08 16:25:00,"WAS",20,299,0,"TB",37,392,0,-17,17,57
2024,1,2024-09-08 20:20:00,"LAR",20,387,1,"DET",26,363,1,-6,6,46
2024,1,2024-09-09 20:15:00,"NYJ",19,266,2,"SF",32,401,0,-13,13,51
2024,2,2024-09-12 20:15:00,"BUF",31,247,0,"MIA",10,351,3,21,21,41
2024,2,2024-09-15 13:00:00,"CLE",18,297,0,"JAC",13,323,0,5,5,31
2024,2,2024-09-15 13:00:00,"IND",10,338,3,"GB",16,383,1,-6,6,26
2024,2,2024-09-15 13:00:00,"LV",26,260,1,"BAL",23,383,1,3,3,49
2024,2,2024-09-15 13:00:00,"LAC",26,349,2,"CAR",3,159,1,23,23,29
2024,2,2024-09-15 13:00:00,"NO",44,432,1,"DAL",19,353,2,25,25,63
2024,2,2024-09-15 13:00:00,"NYG",18,304,1,"WAS",21,425,0,-3,3,39
2024,2,2024-09-15 13:00:00,"NYJ",24,265,0,"TEN",17,300,2,7,7,41
2024,2,2024-09-15 13:00:00,"SF",17,396,2,"MIN",23,403,2,-6,6,40
2024,2,2024-09-15 13:00:00,"SEA",23,358,0,"NE",20,310,0,3,3,43
2024,2,2024-09-15 13:00:00,"TB",20,216,1,"DET",16,463,2,4,4,36
2024,2,2024-09-15 16:05:00,"LAR",10,245,1,"ARI",41,489,1,-31,31,51
2024,2,2024-09-15 16:25:00,"CIN",25,320,1,"KC",26,286,3,-1,1,51
2024,2,2024-09-15 16:25:00,"PIT",13,251,0,"DEN",6,295,2,7,7,19
2024,2,2024-09-15 20:20:00,"CHI",13,205,2,"HOU",19,310,1,-6,6,32
2024,2,2024-09-16 20:15:00,"ATL",22,385,0,"PHI",21,365,1,1,1,43
2024,3,2024-09-19 20:15:00,"NE",3,139,1,"NYJ",24,400,0,-21,21,27
2024,3,2024-09-22 13:00:00,"CHI",16,395,3,"IND",21,306,2,-5,5,37
2024,3,2024-09-22 13:00:00,"DEN",26,352,1,"TB",7,223,2,19,19,33
2024,3,2024-09-22 13:00:00,"GB",30,378,0,"TEN",14,237,3,16,16,44
2024,3,2024-09-22 13:00:00,"HOU",7,296,2,"MIN",34,274,0,-27,27,41
2024,3,2024-09-22 13:00:00,"LAC",10,166,0,"PIT",20,346,1,-10,10,30
2024,3,2024-09-22 13:00:00,"NYG",21,340,2,"CLE",15,217,2,6,6,36
2024,3,2024-09-22 13:00:00,"PHI",15,460,2,"NO",12,219,1,3,3,27
2024,3,2024-09-22 16:05:00,"CAR",36,437,0,"LV",22,331,1,14,14,58
2024,3,2024-09-22 16:05:00,"MIA",3,205,0,"SEA",24,370,2,-21,21,27
2024,3,2024-09-22 16:25:00,"BAL",28,456,0,"DAL",25,412,1,3,3,53
2024,3,2024-09-22 16:25:00,"DET",20,373,1,"ARI",13,277,1,7,7,33
2024,3,2024-09-22 16:25:00,"SF",24,425,1,"LAR",27,296,0,-3,3,51
2024,3,2024-09-22 20:20:00,"KC",22,345,1,"ATL",17,311,1,5,5,39
2024,3,2024-09-23 19:30:00,"JAC",10,239,2,"BUF",47,388,0,-37,37,57
2024,3,2024-09-23 20:15:00,"WAS",38,356,0,"CIN",33,436,0,5,5,71
2024,4,2024-09-26 20:15:00,"DAL",20,293,0,"NYG",15,303,1,5,5,35
2024,4,2024-09-29 13:00:00,"CIN",34,373,1,"CAR",24,375,1,10,10,58
2024,4,2024-09-29 13:00:00,"DEN",10,186,1,"NYJ",9,248,1,1,1,19
2024,4,2024-09-29 13:00:00,"JAC",20,313,0,"HOU",24,435,1,-4,4,44
2024,4,2024-09-29 13:00:00,"LAR",18,322,2,"CHI",24,264,0,-6,6,42
2024,4,2024-09-29 13:00:00,"MIN",31,374,3,"GB",29,465,4,2,2,60
2024,4,2024-09-29 13:00:00,"NO",24,366,2,"ATL",26,315,1,-2,2,50
2024,4,2024-09-29 13:00:00,"PHI",16,227,2,"TB",33,445,0,-17,17,49
2024,4,2024-09-29 13:00:00,"PIT",24,404,2,"IND",27,358,0,-3,3,51
2024,4,2024-09-29 16:05:00,"NE",13,216,3,"SF",30,431,2,-17,17,43
2024,4,2024-09-29 16:05:00,"WAS",42,449,1,"ARI",14,296,1,28,28,56
2024,4,2024-09-29 16:25:00,"CLE",16,241,1,"LV",20,268,1,-4,4,36
2024,4,2024-09-29 16:25:00,"KC",17,329,2,"LAC",10,224,0,7,7,27
2024,4,2024-09-29 20:20:00,"BUF",10,236,1,"BAL",35,427,1,-25,25,45
2024,4,2024-09-30 19:30:00,"TEN",31,244,1,"MIA",12,184,1,19,19,43
2024,4,2024-09-30 20:15:00,"SEA",29,516,2,"DET",42,389,0,-13,13,71
2024,5,2024-10-03 20:15:00,"TB",30,333,1,"ATL",36,550,1,-6,6,66
2024,5,2024-10-06 09:30:00,"NYJ",17,254,3,"MIN",23,253,2,-6,6,40
2024,5,2024-10-06 13:00:00,"BAL",41,520,1,"CIN",38,442,1,3,3,79
2024,5,2024-10-06 13:00:00,"BUF",20,276,0,"HOU",23,425,2,-3,3,43
2024,5,2024-10-06 13:00:00,"CAR",10,292,3,"CHI",36,424,0,-26,26,46
2024,5,2024-10-06 13:00:00,"CLE",13,212,1,"WAS",34,434,2,-21,21,47
2024,5,2024-10-06 13:00:00,"IND",34,447,1,"JAC",37,497,2,-3,3,71
2024,5,2024-10-06 13:00:00,"MIA",15,372,2,"NE",10,299,0,5,5,25
2024,5,2024-10-06 16:05:00,"ARI",24,358,1,"SF",23,384,3,1,1,47
2024,5,2024-10-06 16:05:00,"LV",18,330,3,"DEN",34,289,0,-16,16,52
2024,5,2024-10-06 16:25:00,"GB",24,328,1,"LAR",19,370,2,5,5,43
2024,5,2024-10-06 16:25:00,"NYG",29,420,1,"SEA",20,333,1,9,9,49
2024,5,2024-10-06 20:20:00,"DAL",20,445,3,"PIT",17,226,1,3,3,37
2024,5,2024-10-07 20:15:00,"NO",13,220,1,"KC",26,460,1,-13,13,39
2024,6,2024-10-10 20:15:00,"SF",36,483,0,"SEA",24,358,3,12,12,60
2024,6,2024-10-13 09:30:00,"JAC",16,278,2,"CHI",35,373,1,-19,19,51
2024,6,2024-10-13 13:00:00,"ARI",13,303,3,"GB",34,437,1,-21,21,47
2024,6,2024-10-13 13:00:00,"CLE",16,244,0,"PHI",20,372,0,-4,4,36
2024,6,2024-10-13 13:00:00,"HOU",41,368,1,"NE",21,291,4,20,20,62
2024,6,2024-10-13 13:00:00,"IND",20,269,1,"TEN",17,241,1,3,3,37
2024,6,2024-10-13 13:00:00,"TB",51,594,3,"NO",27,303,3,24,24,78
2024,6,2024-10-13 13:00:00,"WAS",23,305,0,"BAL",30,484,1,-7,7,53
2024,6,2024-10-13 16:05:00,"LAC",23,350,0,"DEN",16,316,2,7,7,39
2024,6,2024-10-13 16:05:00,"PIT",32,293,0,"LV",13,275,3,19,19,45
2024,6,2024-10-13 16:25:00,"ATL",38,423,1,"CAR",20,335,2,18,18,58
2024,6,2024-10-13 16:25:00,"DET",47,492,0,"DAL",9,251,5,38,38,56
2024,6,2024-10-13 20:20:00,"CIN",17,304,1,"NYG",7,309,1,10,10,24
2024,6,2024-10-14 20:15:00,"BUF",23,359,0,"NYJ",20,393,1,3,3,43
2024,7,2024-10-17 20:15:00,"DEN",33,389,1,"NO",10,271,2,23,23,43
2024,7,2024-10-20 09:30:00,"NE",16,295,0,"JAC",32,364,0,-16,16,48
2024,7,2024-10-20 13:00:00,"CIN",21,223,0,"CLE",14,336,2,7,7,35
2024,7,2024-10-20 13:00:00,"DET",31,391,1,"MIN",29,383,1,2,2,60
2024,7,2024-10-20 13:00:00,"HOU",22,197,0,"GB",24,277,3,-2,2,46
2024,7,2024-10-20 13:00:00,"MIA",10,337,2,"IND",16,284,1,-6,6,26
2024,7,2024-10-20 13:00:00,"PHI",28,339,0,"NYG",3,119,0,25,25,31
2024,7,2024-10-20 13:00:00,"SEA",34,339,0,"ATL",14,369,3,20,20,48
2024,7,2024-10-20 13:00:00,"TEN",10,289,2,"BUF",34,389,0,-24,24,44
2024,7,2024-10-20 16:05:00,"CAR",7,180,2,"WAS",40,421,0,-33,33,47
2024,7,2024-10-20 16:05:00,"LV",15,317,4,"LAR",20,259,1,-5,5,35
2024,7,2024-10-20 16:25:00,"KC",28,329,2,"SF",18,310,3,10,10,46
2024,7,2024-10-20 20:20:00,"NYJ",15,323,2,"PIT",37,409,0,-22,22,52
2024,7,2024-10-21 20:15:00,"BAL",41,508,1,"TB",31,481,2,10,10,72
2024,7,2024-10-21 21:00:00,"LAC",15,395,2,"ARI",17,326,1,-2,2,32
2024,8,2024-10-24 20:15:00,"MIN",20,276,0,"LAR",30,386,1,-10,10,50
2024,8,2024-10-27 13:00:00,"ARI",28,389,0,"MIA",27,377,0,1,1,55
2024,8,2024-10-27 13:00:00,"ATL",31,394,0,"TB",26,432,3,5,5,57
2024,8,2024-10-27 13:00:00,"BAL",24,387,0,"CLE",29,401,1,-5,5,53
2024,8,2024-10-27 13:00:00,"GB",30,422,1,"JAC",27,390,2,3,3,57
2024,8,2024-10-27 13:00:00,"IND",20,303,2,"HOU",23,363,1,-3,3,43
2024,8,2024-10-27 13:00:00,"NYJ",22,336,0,"NE",25,248,0,-3,3,47
2024,8,2024-10-27 13:00:00,"PHI",37,397,0,"CIN",17,280,2,20,20,54
2024,8,2024-10-27 13:00:00,"TEN",14,416,4,"DET",52,225,0,-38,38,66
2024,8,2024-10-27 16:05:00,"BUF",31,445,1,"SEA",10,233,2,21,21,41
2024,8,2024-10-27 16:05:00,"NO",8,366,0,"LAC",26,378,0,-18,18,34
2024,8,2024-10-27 16:25:00,"CAR",14,284,2,"DEN",28,400,2,-14,14,42
2024,8,2024-10-27 16:25:00,"CHI",15,307,1,"WAS",18,481,0,-3,3,33
2024,8,2024-10-27 16:25:00,"KC",27,334,1,"LV",20,228,1,7,7,47
2024,8,2024-10-27 20:20:00,"DAL",24,292,2,"SF",30,469,0,-6,6,54
2024,8,2024-10-28 20:15:00,"NYG",18,394,2,"PIT",26,426,1,-8,8,44
2024,9,2024-10-31 20:15:00,"HOU",13,322,1,"NYJ",21,293,1,-8,8,34
2024,9,2024-11-03 13:00:00,"DAL",21,378,0,"ATL",27,310,1,-6,6,48
2024,9,2024-11-03 13:00:00,"DEN",10,319,1,"BAL",41,396,0,-31,31,51
2024,9,2024-11-03 13:00:00,"LV",24,217,2,"CIN",41,373,1,-17,17,65
2024,9,2024-11-03 13:00:00,"LAC",27,342,0,"CLE",10,292,3,17,17,37
2024,9,2024-11-03 13:00:00,"MIA",27,373,1,"BUF",30,325,1,-3,3,57
2024,9,2024-11-03 13:00:00,"NE",17,295,3,"TEN",20,400,1,-3,3,37
2024,9,2024-11-03 13:00:00,"NO",22,427,0,"CAR",23,246,1,-1,1,45
2024,9,2024-11-03 13:00:00,"WAS",27,358,0,"NYG",22,326,1,5,5,49
2024,9,2024-11-03 16:05:00,"CHI",9,241,0,"ARI",29,350,2,-20,20,38
2024,9,2024-11-03 16:05:00,"JAC",23,215,3,"PHI",28,447,1,-5,5,51
2024,9,2024-11-03 16:25:00,"DET",24,261,0,"GB",14,411,1,10,10,38
2024,9,2024-11-03 16:25:00,"LAR",26,366,1,"SEA",20,424,3,6,6,46
2024,9,2024-11-03 20:20:00,"IND",13,227,2,"MIN",21,415,3,-8,8,34
2024,9,2024-11-04 20:15:00,"TB",24,284,0,"KC",30,384,1,-6,6,54
2024,10,2024-11-07 20:15:00,"CIN",34,470,1,"BAL",35,389,0,-1,1,69
2024,10,2024-11-10 09:30:00,"NYG",17,342,3,"CAR",20,306,1,-3,3,37
2024,10,2024-11-10 13:00:00,"ATL",17,468,1,"NO",20,365,0,-3,3,37
2024,10,2024-11-10 13:00:00,"BUF",30,415,2,"IND",20,361,4,10,10,50
2024,10,2024-11-10 13:00:00,"DEN",14,260,0,"KC",16,300,0,-2,2,30
2024,10,2024-11-10 13:00:00,"MIN",12,402,3,"JAC",7,143,3,5,5,19
2024,10,2024-11-10 13:00:00,"NE",19,328,1,"CHI",3,142,0,16,16,22
2024,10,2024-11-10 13:00:00,"PIT",28,312,2,"WAS",27,242,1,1,1,55
2024,10,2024-11-10 13:00:00,"SF",23,413,1,"TB",20,215,0,3,3,43
2024,10,2024-11-10 16:05:00,"TEN",17,289,0,"LAC",27,309,0,-10,10,44
2024,10,2024-11-10 16:25:00,"NYJ",6,207,1,"ARI",31,406,0,-25,25,37
2024,10,2024-11-10 16:25:00,"PHI",34,348,2,"DAL",6,146,5,28,28,40
2024,10,2024-11-10 20:20:00,"DET",26,345,5,"HOU",23,248,2,3,3,49
2024,10,2024-11-11 20:15:00,"MIA",23,238,2,"LAR",15,327,2,8,8,38
2024,11,2024-11-14 20:15:00,"WAS",18,264,1,"PHI",26,434,0,-8,8,44
2024,11,2024-11-17 13:00:00,"BAL",16,329,3,"PIT",18,303,1,-2,2,34
2024,11,2024-11-17 13:00:00,"CLE",14,443,0,"NO",35,473,2,-21,21,49
2024,11,2024-11-17 13:00:00,"GB",20,366,1,"CHI",19,391,0,1,1,39
2024,11,2024-11-17 13:00:00,"IND",28,332,1,"NYJ",27,253,0,1,1,55
2024,11,2024-11-17 13:00:00,"JAC",6,170,1,"DET",52,645,0,-46,46,58
2024,11,2024-11-17 13:00:00,"LV",19,328,1,"MIA",34,353,0,-15,15,53
2024,11,2024-11-17 13:00:00,"LAR",28,402,0,"NE",22,382,2,6,6,50
2024,11,2024-11-17 13:00:00,"MIN",23,318,1,"TEN",13,294,1,10,10,36
2024,11,2024-11-17 16:05:00,"ATL",6,226,1,"DEN",38,400,0,-32,32,44
2024,11,2024-11-17 16:05:00,"SEA",20,289,1,"SF",17,277,1,3,3,37
2024,11,2024-11-17 16:25:00,"KC",21,259,2,"BUF",30,366,1,-9,9,51
2024,11,2024-11-17 20:20:00,"CIN",27,452,0,"LAC",34,435,1,-7,7,61
2024,11,2024-11-18 20:15:00,"HOU",34,391,1,"DAL",10,388,2,24,24,44
2024,12,2024-11-21 20:15:00,"PIT",19,368,1,"CLE",24,304,3,-5,5,43
2024,12,2024-11-24 13:00:00,"DAL",34,332,1,"WAS",26,412,3,8,8,60
2024,12,2024-11-24 13:00:00,"DET",24,390,0,"IND",6,268,0,18,18,30
2024,12,2024-11-24 13:00:00,"KC",30,391,0,"CAR",27,334,0,3,3,57
2024,12,2024-11-24 13:00:00,"MIN",30,452,1,"CHI",27,398,1,3,3,57
2024,12,2024-11-24 13:00:00,"NE",15,269,2,"MIA",34,373,1,-19,19,49
2024,12,2024-11-24 13:00:00,"TB",30,451,1,"NYG",7,245,1,23,23,37
2024,12,2024-11-24 13:00:00,"TEN",32,369,3,"HOU",27,260,2,5,5,59
2024,12,2024-11-24 16:05:00,"DEN",29,325,0,"LV",19,369,2,10,10,48
2024,12,2024-11-24 16:25:00,"ARI",6,298,1,"SEA",16,285,1,-10,10,22
2024,12,2024-11-24 16:25:00,"SF",10,241,3,"GB",38,325,0,-28,28,48
2024,12,2024-11-24 20:20:00,"PHI",37,481,0,"LAR",20,290,1,17,17,57
2024,12,2024-11-25 20:15:00,"BAL",30,389,0,"LAC",23,285,0,7,7,53
2024,13,2024-11-28 12:30:00,"CHI",20,301,0,"DET",23,405,1,-3,3,43
2024,13,2024-11-28 16:30:00,"NYG",20,247,2,"DAL",27,317,0,-7,7,47
2024,13,2024-11-28 20:20:00,"MIA",17,375,1,"GB",30,388,0,-13,13,47
2024,13,2024-11-29 15:00:00,"LV",17,434,1,"KC",19,329,0,-2,2,36
2024,13,2024-12-01 13:00:00,"ARI",22,406,2,"MIN",23,273,1,-1,1,45
2024,13,2024-12-01 13:00:00,"HOU",23,326,0,"JAC",20,373,1,3,3,43
2024,13,2024-12-01 13:00:00,"IND",25,253,2,"NE",24,422,1,1,1,49
2024,13,2024-12-01 13:00:00,"LAC",17,187,1,"ATL",13,350,4,4,4,30
2024,13,2024-12-01 13:00:00,"PIT",44,520,1,"CIN",38,375,3,6,6,82
2024,13,2024-12-01 13:00:00,"SEA",26,259,2,"NYJ",21,258,2,5,5,47
2024,13,2024-12-01 13:00:00,"TEN",19,245,2,"WAS",42,463,1,-23,23,61
2024,13,2024-12-01 16:05:00,"LAR",21,322,0,"NO",14,327,0,7,7,35
2024,13,2024-12-01 16:05:00,"TB",26,445,2,"CAR",23,367,1,3,3,49
2024,13,2024-12-01 16:25:00,"PHI",24,252,0,"BAL",19,372,0,5,5,43
2024,13,2024-12-01 20:20:00,"SF",10,239,3,"BUF",35,372,0,-25,25,45
2024,13,2024-12-02 20:15:00,"CLE",32,552,3,"DEN",41,400,2,-9,9,73
2024,14,2024-12-05 20:15:00,"GB",31,298,1,"DET",34,391,1,-3,3,65
2024,14,2024-12-08 13:00:00,"ATL",21,496,3,"MIN",42,433,0,-21,21,63
2024,14,2024-12-08 13:00:00,"CAR",16,302,1,"PHI",22,292,0,-6,6,38
2024,14,2024-12-08 13:00:00,"CLE",14,300,3,"PIT",27,267,1,-13,13,41
2024,14,2024-12-08 13:00:00,"JAC",10,291,2,"TEN",6,272,0,4,4,16
2024,14,2024-12-08 13:00:00,"LV",13,286,2,"TB",28,420,3,-15,15,41
2024,14,2024-12-08 13:00:00,"NO",14,292,1,"NYG",11,325,1,3,3,25
2024,14,2024-12-08 13:00:00,"NYJ",26,402,0,"MIA",32,375,0,-6,6,58
2024,14,2024-12-08 16:05:00,"SEA",30,409,0,"ARI",18,356,2,12,12,48
2024,14,2024-12-08 16:25:00,"BUF",42,445,0,"LAR",44,457,0,-2,2,86
2024,14,2024-12-08 16:25:00,"CHI",13,162,1,"SF",38,452,1,-25,25,51
2024,14,2024-12-08 20:20:00,"LAC",17,288,0,"KC",19,298,0,-2,2,36
2024,14,2024-12-09 20:15:00,"CIN",27,433,1,"DAL",20,322,2,7,7,47
2024,15,2024-12-12 20:15:00,"LAR",12,302,0,"SF",6,191,1,6,6,18
2024,15,2024-12-15 13:00:00,"BAL",35,445,1,"NYG",14,236,1,21,21,49
2024,15,2024-12-15 13:00:00,"CIN",37,370,4,"TEN",27,374,6,10,10,64
2024,15,2024-12-15 13:00:00,"DAL",30,410,1,"CAR",14,235,4,16,16,44
2024,15,2024-12-15 13:00:00,"KC",21,311,0,"CLE",7,266,6,14,14,28
2024,15,2024-12-15 13:00:00,"MIA",12,224,4,"HOU",20,181,1,-8,8,32
2024,15,2024-12-15 13:00:00,"NYJ",32,400,0,"JAC",25,421,2,7,7,57
2024,15,2024-12-15 13:00:00,"WAS",20,326,0,"NO",19,245,1,1,1,39
2024,15,2024-12-15 16:25:00,"BUF",48,559,0,"DET",42,521,1,6,6,90
2024,15,2024-12-15 16:25:00,"IND",13,310,5,"DEN",31,193,3,-18,18,44
2024,15,2024-12-15 16:25:00,"NE",17,311,1,"ARI",30,395,0,-13,13,47
2024,15,2024-12-15 16:25:00,"PIT",13,163,1,"PHI",27,401,2,-14,14,40
2024,15,2024-12-15 16:25:00,"TB",40,506,2,"LAC",17,206,2,23,23,57
2024,15,2024-12-15 20:20:00,"GB",30,369,1,"SEA",13,208,2,17,17,43
2024,15,2024-12-16 20:00:00,"CHI",12,284,1,"MIN",30,329,1,-18,18,42
2024,15,2024-12-16 20:30:00,"ATL",15,261,1,"LV",9,249,3,6,6,24
2024,16,2024-12-19 20:15:00,"DEN",27,355,0,"LAC",34,380,1,-7,7,61
2024,16,2024-12-21 13:00:00,"HOU",19,311,2,"KC",27,375,0,-8,8,46
2024,16,2024-12-21 16:30:00,"PIT",17,315,2,"BAL",34,418,1,-17,17,51
2024,16,2024-12-22 13:00:00,"ARI",30,382,2,"CAR",36,392,0,-6,6,66
2024,16,2024-12-22 13:00:00,"CLE",6,273,3,"CIN",24,326,1,-18,18,30
2024,16,2024-12-22 13:00:00,"DET",34,475,0,"CHI",17,382,2,17,17,51
2024,16,2024-12-22 13:00:00,"LAR",19,242,1,"NYJ",9,321,2,10,10,28
2024,16,2024-12-22 13:00:00,"NYG",7,234,3,"ATL",34,329,1,-27,27,41
2024,16,2024-12-22 13:00:00,"PHI",33,338,2,"WAS",36,368,5,-3,3,69
2024,16,2024-12-22 13:00:00,"TEN",30,307,3,"IND",38,458,1,-8,8,68
2024,16,2024-12-22 16:05:00,"MIN",27,298,0,"SEA",24,361,2,3,3,51
2024,16,2024-12-22 16:25:00,"JAC",14,308,2,"LV",19,314,0,-5,5,33
2024,16,2024-12-22 16:25:00,"NE",21,379,3,"BUF",24,324,1,-3,3,45
2024,16,2024-12-22 16:25:00,"SF",17,374,1,"MIA",29,381,0,-12,12,46
2024,16,2024-12-22 20:20:00,"TB",24,410,2,"DAL",26,317,0,-2,2,50
2024,16,2024-12-23 20:15:00,"NO",0,196,2,"GB",34,404,0,-34,34,34
2024,17,2024-12-25 13:00:00,"KC",29,389,0,"PIT",10,364,2,19,19,39
2024,17,2024-12-25 16:30:00,"BAL",31,432,0,"HOU",2,211,1,29,29,33
2024,17,2024-12-26 20:15:00,"SEA",6,265,1,"CHI",3,179,1,3,3,9
2024,17,2024-12-28 13:00:00,"LAC",40,428,0,"NE",7,181,1,33,33,47
2024,17,2024-12-28 16:30:00,"DEN",24,329,1,"CIN",30,499,1,-6,6,54
2024,17,2024-12-28 20:10:00,"ARI",9,396,2,"LAR",13,257,0,-4,4,22
2024,17,2024-12-29 13:00:00,"CAR",14,204,0,"TB",48,551,0,-34,34,62
2024,17,2024-12-29 13:00:00,"DAL",7,268,4,"PHI",41,376,0,-34,34,48
2024,17,2024-12-29 13:00:00,"IND",33,446,3,"NYG",45,389,0,-12,12,78
2024,17,2024-12-29 13:00:00,"LV",25,388,0,"NO",10,269,2,15,15,35
2024,17,2024-12-29 13:00:00,"NYJ",14,281,3,"BUF",40,348,0,-26,26,54
2024,17,2024-12-29 13:00:00,"TEN",13,337,1,"JAC",20,295,0,-7,7,33
2024,17,2024-12-29 16:05:00,"MIA",20,280,0,"CLE",3,276,2,17,17,23
2024,17,2024-12-29 16:25:00,"GB",25,271,1,"MIN",27,441,1,-2,2,52
2024,17,2024-12-29 20:20:00,"ATL",24,337,1,"WAS",30,412,1,-6,6,54
2024,17,2024-12-30 20:15:00,"DET",40,439,0,"SF",34,475,2,6,6,74
2024,18,2025-01-04 16:30:00,"CLE",10,230,2,"BAL",35,437,0,-25,25,45
2024,18,2025-01-04 20:00:00,"CIN",19,314,2,"PIT",17,193,1,2,2,36
2024,18,2025-01-05 13:00:00,"BUF",16,259,0,"NE",23,309,1,-7,7,39
2024,18,2025-01-05 13:00:00,"CAR",44,425,0,"ATL",38,537,1,6,6,82
2024,18,2025-01-05 13:00:00,"CHI",24,224,2,"GB",22,367,2,2,2,46
2024,18,2025-01-05 13:00:00,"HOU",23,374,1,"TEN",14,314,1,9,9,37
2024,18,2025-01-05 13:00:00,"JAC",23,319,1,"IND",26,429,0,-3,3,49
2024,18,2025-01-05 13:00:00,"NO",19,292,0,"TB",27,395,1,-8,8,46
2024,18,2025-01-05 13:00:00,"NYG",13,238,1,"PHI",20,303,0,-7,7,33
2024,18,2025-01-05 13:00:00,"WAS",23,269,1,"DAL",19,378,0,4,4,42
2024,18,2025-01-05 16:25:00,"KC",0,98,0,"DEN",38,479,0,-38,38,38
2024,18,2025-01-05 16:25:00,"LAC",34,473,0,"LV",20,264,1,14,14,54
2024,18,2025-01-05 16:25:00,"MIA",20,334,4,"NYJ",32,375,1,-12,12,52
2024,18,2025-01-05 16:25:00,"SF",24,436,3,"ARI",47,393,0,-23,23,71
2024,18,2025-01-05 16:25:00,"SEA",30,336,0,"LAR",25,403,1,5,5,55
2024,18,2025-01-05 20:20:00,"MIN",9,262,0,"DET",31,394,2,-22,22,40
2024,101,2025-01-11 16:30:00,"LAC",12,261,4,"HOU",32,429,3,-20,20,44
2024,101,2025-01-11 20:00:00,"PIT",14,280,0,"BAL",28,464,0,-14,14,42
2024,101,2025-01-12 13:00:00,"DEN",7,224,0,"BUF",31,471,0,-24,24,38
2024,101,2025-01-12 16:30:00,"GB",10,302,4,"PHI",22,290,0,-12,12,32
2024,101,2025-01-12 20:00:00,"WAS",23,350,0,"TB",20,284,1,3,3,43
2024,101,2025-01-13 20:00:00,"MIN",9,269,2,"LAR",27,292,0,-18,18,36
2024,102,2025-01-18 16:30:00,"HOU",14,336,0,"KC",23,212,0,-9,9,37
2024,102,2025-01-18 20:00:00,"WAS",45,481,0,"DET",31,521,5,14,14,76
2024,102,2025-01-19 15:00:00,"LAR",22,402,2,"PHI",28,350,0,-6,6,50
2024,102,2025-01-19 18:30:00,"BAL",25,416,3,"BUF",27,273,0,-2,2,52
2024,103,2025-01-26 15:00:00,"WAS",23,350,4,"PHI",55,459,0,-32,32,78
2024,103,2025-01-26 18:30:00,"BUF",29,374,0,"KC",32,368,1,-3,3,61
2024,104,2025-02-09 18:30:00,"KC",22,275,3,"PHI",40,345,1,-18,18,62
2025,1,2025-09-04 20:20:00,"DAL",20,307,1,"PHI",24,302,0,-4,4,44
2025,1,2025-09-05 20:00:00,"KC",21,347,0,"LAC",27,394,0,-6,6,48
2025,1,2025-09-07 13:00:00,"ARI",20,276,0,"NO",13,315,0,7,7,33
2025,1,2025-09-07 13:00:00,"CAR",10,255,3,"JAC",26,378,1,-16,16,36
2025,1,2025-09-07 13:00:00,"CIN",17,141,0,"CLE",16,327,2,1,1,33
2025,1,2025-09-07 13:00:00,"LV",20,389,1,"NE",13,336,1,7,7,33
2025,1,2025-09-07 13:00:00,"MIA",8,211,3,"IND",33,418,0,-25,25,41
2025,1,2025-09-07 13:00:00,"NYG",6,231,0,"WAS",21,432,0,-15,15,27
2025,1,2025-09-07 13:00:00,"PIT",34,271,0,"NYJ",32,394,1,2,2,66
2025,1,2025-09-07 13:00:00,"TB",23,260,0,"ATL",20,358,0,3,3,43
2025,1,2025-09-07 16:05:00,"SF",17,384,2,"SEA",13,230,2,4,4,30
2025,1,2025-09-07 16:05:00,"TEN",12,133,2,"DEN",20,317,4,-8,8,32
2025,1,2025-09-07 16:25:00,"DET",13,246,1,"GB",27,266,0,-14,14,40
2025,1,2025-09-07 16:25:00,"HOU",9,265,2,"LAR",14,296,1,-5,5,23
2025,1,2025-09-07 20:20:00,"BAL",40,432,1,"BUF",41,497,0,-1,1,81
2025,1,2025-09-08 20:15:00,"MIN",27,254,1,"CHI",24,317,1,3,3,51
2025,2,2025-09-11 20:15:00,"WAS",18,230,0,"GB",27,404,0,-9,9,45
2025,2,2025-09-14 13:00:00,"BUF",NA,NA,NA,"NYJ",NA,NA,NA,NA,NA,NA
2025,2,2025-09-14 13:00:00,"CHI",NA,NA,NA,"DET",NA,NA,NA,NA,NA,NA
2025,2,2025-09-14 13:00:00,"CLE",NA,NA,NA,"BAL",NA,NA,NA,NA,NA,NA
2025,2,2025-09-14 13:00:00,"JAC",NA,NA,NA,"CIN",NA,NA,NA,NA,NA,NA
2025,2,2025-09-14 13:00:00,"LAR",NA,NA,NA,"TEN",NA,NA,NA,NA,NA,NA
2025,2,2025-09-14 13:00:00,"NE",NA,NA,NA,"MIA",NA,NA,NA,NA,NA,NA
2025,2,2025-09-14 13:00:00,"NYG",NA,NA,NA,"DAL",NA,NA,NA,NA,NA,NA
2025,2,2025-09-14 13:00:00,"SF",NA,NA,NA,"NO",NA,NA,NA,NA,NA,NA
2025,2,2025-09-14 13:00:00,"SEA",NA,NA,NA,"PIT",NA,NA,NA,NA,NA,NA
2025,2,2025-09-14 16:05:00,"CAR",NA,NA,NA,"ARI",NA,NA,NA,NA,NA,NA
2025,2,2025-09-14 16:05:00,"DEN",NA,NA,NA,"IND",NA,NA,NA,NA,NA,NA
2025,2,2025-09-14 16:25:00,"PHI",NA,NA,NA,"KC",NA,NA,NA,NA,NA,NA
2025,2,2025-09-14 20:20:00,"ATL",NA,NA,NA,"MIN",NA,NA,NA,NA,NA,NA
2025,2,2025-09-15 19:00:00,"TB",NA,NA,NA,"HOU",NA,NA,NA,NA,NA,NA
2025,2,2025-09-15 22:00:00,"LAC",NA,NA,NA,"LV",NA,NA,NA,NA,NA,NA
2025,3,2025-09-18 20:15:00,"MIA",NA,NA,NA,"BUF",NA,NA,NA,NA,NA,NA
2025,3,2025-09-21 13:00:00,"ATL",NA,NA,NA,"CAR",NA,NA,NA,NA,NA,NA
2025,3,2025-09-21 13:00:00,"CIN",NA,NA,NA,"MIN",NA,NA,NA,NA,NA,NA
2025,3,2025-09-21 13:00:00,"GB",NA,NA,NA,"CLE",NA,NA,NA,NA,NA,NA
2025,3,2025-09-21 13:00:00,"HOU",NA,NA,NA,"JAC",NA,NA,NA,NA,NA,NA
2025,3,2025-09-21 13:00:00,"IND",NA,NA,NA,"TEN",NA,NA,NA,NA,NA,NA
2025,3,2025-09-21 13:00:00,"LV",NA,NA,NA,"WAS",NA,NA,NA,NA,NA,NA
2025,3,2025-09-21 13:00:00,"LAR",NA,NA,NA,"PHI",NA,NA,NA,NA,NA,NA
2025,3,2025-09-21 13:00:00,"NYJ",NA,NA,NA,"TB",NA,NA,NA,NA,NA,NA
2025,3,2025-09-21 13:00:00,"PIT",NA,NA,NA,"NE",NA,NA,NA,NA,NA,NA
2025,3,2025-09-21 16:05:00,"DEN",NA,NA,NA,"LAC",NA,NA,NA,NA,NA,NA
2025,3,2025-09-21 16:05:00,"NO",NA,NA,NA,"SEA",NA,NA,NA,NA,NA,NA
2025,3,2025-09-21 16:25:00,"ARI",NA,NA,NA,"SF",NA,NA,NA,NA,NA,NA
2025,3,2025-09-21 16:25:00,"DAL",NA,NA,NA,"CHI",NA,NA,NA,NA,NA,NA
2025,3,2025-09-21 20:20:00,"KC",NA,NA,NA,"NYG",NA,NA,NA,NA,NA,NA
2025,3,2025-09-22 20:15:00,"DET",NA,NA,NA,"BAL",NA,NA,NA,NA,NA,NA
2025,4,2025-09-25 20:15:00,"SEA",NA,NA,NA,"ARI",NA,NA,NA,NA,NA,NA
2025,4,2025-09-28 09:30:00,"MIN",NA,NA,NA,"PIT",NA,NA,NA,NA,NA,NA
2025,4,2025-09-28 13:00:00,"CAR",NA,NA,NA,"NE",NA,NA,NA,NA,NA,NA
2025,4,2025-09-28 13:00:00,"CLE",NA,NA,NA,"DET",NA,NA,NA,NA,NA,NA
2025,4,2025-09-28 13:00:00,"LAC",NA,NA,NA,"NYG",NA,NA,NA,NA,NA,NA
2025,4,2025-09-28 13:00:00,"NO",NA,NA,NA,"BUF",NA,NA,NA,NA,NA,NA
2025,4,2025-09-28 13:00:00,"PHI",NA,NA,NA,"TB",NA,NA,NA,NA,NA,NA
2025,4,2025-09-28 13:00:00,"TEN",NA,NA,NA,"HOU",NA,NA,NA,NA,NA,NA
2025,4,2025-09-28 13:00:00,"WAS",NA,NA,NA,"ATL",NA,NA,NA,NA,NA,NA
2025,4,2025-09-28 16:05:00,"IND",NA,NA,NA,"LAR",NA,NA,NA,NA,NA,NA
2025,4,2025-09-28 16:05:00,"JAC",NA,NA,NA,"SF",NA,NA,NA,NA,NA,NA
2025,4,2025-09-28 16:25:00,"BAL",NA,NA,NA,"KC",NA,NA,NA,NA,NA,NA
2025,4,2025-09-28 16:25:00,"CHI",NA,NA,NA,"LV",NA,NA,NA,NA,NA,NA
2025,4,2025-09-28 20:20:00,"GB",NA,NA,NA,"DAL",NA,NA,NA,NA,NA,NA
2025,4,2025-09-29 19:15:00,"NYJ",NA,NA,NA,"MIA",NA,NA,NA,NA,NA,NA
2025,4,2025-09-29 20:15:00,"CIN",NA,NA,NA,"DEN",NA,NA,NA,NA,NA,NA
2025,5,2025-10-02 20:15:00,"SF",NA,NA,NA,"LAR",NA,NA,NA,NA,NA,NA
2025,5,2025-10-05 09:30:00,"MIN",NA,NA,NA,"CLE",NA,NA,NA,NA,NA,NA
2025,5,2025-10-05 13:00:00,"DAL",NA,NA,NA,"NYJ",NA,NA,NA,NA,NA,NA
2025,5,2025-10-05 13:00:00,"DEN",NA,NA,NA,"PHI",NA,NA,NA,NA,NA,NA
2025,5,2025-10-05 13:00:00,"HOU",NA,NA,NA,"BAL",NA,NA,NA,NA,NA,NA
2025,5,2025-10-05 13:00:00,"LV",NA,NA,NA,"IND",NA,NA,NA,NA,NA,NA
2025,5,2025-10-05 13:00:00,"MIA",NA,NA,NA,"CAR",NA,NA,NA,NA,NA,NA
2025,5,2025-10-05 13:00:00,"NYG",NA,NA,NA,"NO",NA,NA,NA,NA,NA,NA
2025,5,2025-10-05 16:05:00,"TB",NA,NA,NA,"SEA",NA,NA,NA,NA,NA,NA
2025,5,2025-10-05 16:05:00,"TEN",NA,NA,NA,"ARI",NA,NA,NA,NA,NA,NA
2025,5,2025-10-05 16:25:00,"DET",NA,NA,NA,"CIN",NA,NA,NA,NA,NA,NA
2025,5,2025-10-05 16:25:00,"WAS",NA,NA,NA,"LAC",NA,NA,NA,NA,NA,NA
2025,5,2025-10-05 20:20:00,"NE",NA,NA,NA,"BUF",NA,NA,NA,NA,NA,NA
2025,5,2025-10-06 20:15:00,"KC",NA,NA,NA,"JAC",NA,NA,NA,NA,NA,NA
2025,6,2025-10-09 20:15:00,"PHI",NA,NA,NA,"NYG",NA,NA,NA,NA,NA,NA
2025,6,2025-10-12 09:30:00,"DEN",NA,NA,NA,"NYJ",NA,NA,NA,NA,NA,NA
2025,6,2025-10-12 13:00:00,"ARI",NA,NA,NA,"IND",NA,NA,NA,NA,NA,NA
2025,6,2025-10-12 13:00:00,"CLE",NA,NA,NA,"PIT",NA,NA,NA,NA,NA,NA
2025,6,2025-10-12 13:00:00,"DAL",NA,NA,NA,"CAR",NA,NA,NA,NA,NA,NA
2025,6,2025-10-12 13:00:00,"LAC",NA,NA,NA,"MIA",NA,NA,NA,NA,NA,NA
2025,6,2025-10-12 13:00:00,"LAR",NA,NA,NA,"BAL",NA,NA,NA,NA,NA,NA
2025,6,2025-10-12 13:00:00,"SF",NA,NA,NA,"TB",NA,NA,NA,NA,NA,NA
2025,6,2025-10-12 13:00:00,"SEA",NA,NA,NA,"JAC",NA,NA,NA,NA,NA,NA
2025,6,2025-10-12 16:05:00,"TEN",NA,NA,NA,"LV",NA,NA,NA,NA,NA,NA
2025,6,2025-10-12 16:25:00,"CIN",NA,NA,NA,"GB",NA,NA,NA,NA,NA,NA
2025,6,2025-10-12 16:25:00,"NE",NA,NA,NA,"NO",NA,NA,NA,NA,NA,NA
2025,6,2025-10-12 20:20:00,"DET",NA,NA,NA,"KC",NA,NA,NA,NA,NA,NA
2025,6,2025-10-13 19:15:00,"BUF",NA,NA,NA,"ATL",NA,NA,NA,NA,NA,NA
2025,6,2025-10-13 20:15:00,"CHI",NA,NA,NA,"WAS",NA,NA,NA,NA,NA,NA
2025,7,2025-10-16 20:15:00,"PIT",NA,NA,NA,"CIN",NA,NA,NA,NA,NA,NA
2025,7,2025-10-19 09:30:00,"LAR",NA,NA,NA,"JAC",NA,NA,NA,NA,NA,NA
2025,7,2025-10-19 13:00:00,"CAR",NA,NA,NA,"NYJ",NA,NA,NA,NA,NA,NA
2025,7,2025-10-19 13:00:00,"LV",NA,NA,NA,"KC",NA,NA,NA,NA,NA,NA
2025,7,2025-10-19 13:00:00,"MIA",NA,NA,NA,"CLE",NA,NA,NA,NA,NA,NA
2025,7,2025-10-19 13:00:00,"NE",NA,NA,NA,"TEN",NA,NA,NA,NA,NA,NA
2025,7,2025-10-19 13:00:00,"NO",NA,NA,NA,"CHI",NA,NA,NA,NA,NA,NA
2025,7,2025-10-19 13:00:00,"PHI",NA,NA,NA,"MIN",NA,NA,NA,NA,NA,NA
2025,7,2025-10-19 16:05:00,"IND",NA,NA,NA,"LAC",NA,NA,NA,NA,NA,NA
2025,7,2025-10-19 16:05:00,"NYG",NA,NA,NA,"DEN",NA,NA,NA,NA,NA,NA
2025,7,2025-10-19 16:25:00,"GB",NA,NA,NA,"ARI",NA,NA,NA,NA,NA,NA
2025,7,2025-10-19 16:25:00,"WAS",NA,NA,NA,"DAL",NA,NA,NA,NA,NA,NA
2025,7,2025-10-19 20:20:00,"ATL",NA,NA,NA,"SF",NA,NA,NA,NA,NA,NA
2025,7,2025-10-20 19:00:00,"TB",NA,NA,NA,"DET",NA,NA,NA,NA,NA,NA
2025,7,2025-10-20 22:00:00,"HOU",NA,NA,NA,"SEA",NA,NA,NA,NA,NA,NA
2025,8,2025-10-23 20:15:00,"MIN",NA,NA,NA,"LAC",NA,NA,NA,NA,NA,NA
2025,8,2025-10-26 13:00:00,"BUF",NA,NA,NA,"CAR",NA,NA,NA,NA,NA,NA
2025,8,2025-10-26 13:00:00,"CHI",NA,NA,NA,"BAL",NA,NA,NA,NA,NA,NA
2025,8,2025-10-26 13:00:00,"CLE",NA,NA,NA,"NE",NA,NA,NA,NA,NA,NA
2025,8,2025-10-26 13:00:00,"MIA",NA,NA,NA,"ATL",NA,NA,NA,NA,NA,NA
2025,8,2025-10-26 13:00:00,"NYG",NA,NA,NA,"PHI",NA,NA,NA,NA,NA,NA
2025,8,2025-10-26 13:00:00,"NYJ",NA,NA,NA,"CIN",NA,NA,NA,NA,NA,NA
2025,8,2025-10-26 13:00:00,"SF",NA,NA,NA,"HOU",NA,NA,NA,NA,NA,NA
2025,8,2025-10-26 16:05:00,"TB",NA,NA,NA,"NO",NA,NA,NA,NA,NA,NA
2025,8,2025-10-26 16:25:00,"DAL",NA,NA,NA,"DEN",NA,NA,NA,NA,NA,NA
2025,8,2025-10-26 16:25:00,"TEN",NA,NA,NA,"IND",NA,NA,NA,NA,NA,NA
2025,8,2025-10-26 20:20:00,"GB",NA,NA,NA,"PIT",NA,NA,NA,NA,NA,NA
2025,8,2025-10-27 20:15:00,"WAS",NA,NA,NA,"KC",NA,NA,NA,NA,NA,NA
2025,9,2025-10-30 20:15:00,"BAL",NA,NA,NA,"MIA",NA,NA,NA,NA,NA,NA
2025,9,2025-11-02 13:00:00,"ATL",NA,NA,NA,"NE",NA,NA,NA,NA,NA,NA
2025,9,2025-11-02 13:00:00,"CAR",NA,NA,NA,"GB",NA,NA,NA,NA,NA,NA
2025,9,2025-11-02 13:00:00,"CHI",NA,NA,NA,"CIN",NA,NA,NA,NA,NA,NA
2025,9,2025-11-02 13:00:00,"DEN",NA,NA,NA,"HOU",NA,NA,NA,NA,NA,NA
2025,9,2025-11-02 13:00:00,"IND",NA,NA,NA,"PIT",NA,NA,NA,NA,NA,NA
2025,9,2025-11-02 13:00:00,"LAC",NA,NA,NA,"TEN",NA,NA,NA,NA,NA,NA
2025,9,2025-11-02 13:00:00,"MIN",NA,NA,NA,"DET",NA,NA,NA,NA,NA,NA
2025,9,2025-11-02 13:00:00,"SF",NA,NA,NA,"NYG",NA,NA,NA,NA,NA,NA
2025,9,2025-11-02 16:05:00,"JAC",NA,NA,NA,"LV",NA,NA,NA,NA,NA,NA
2025,9,2025-11-02 16:05:00,"NO",NA,NA,NA,"LAR",NA,NA,NA,NA,NA,NA
2025,9,2025-11-02 16:25:00,"KC",NA,NA,NA,"BUF",NA,NA,NA,NA,NA,NA
2025,9,2025-11-02 20:20:00,"SEA",NA,NA,NA,"WAS",NA,NA,NA,NA,NA,NA
2025,9,2025-11-03 20:15:00,"ARI",NA,NA,NA,"DAL",NA,NA,NA,NA,NA,NA
2025,10,2025-11-06 20:15:00,"LV",NA,NA,NA,"DEN",NA,NA,NA,NA,NA,NA
2025,10,2025-11-09 09:30:00,"ATL",NA,NA,NA,"IND",NA,NA,NA,NA,NA,NA
2025,10,2025-11-09 13:00:00,"BAL",NA,NA,NA,"MIN",NA,NA,NA,NA,NA,NA
2025,10,2025-11-09 13:00:00,"BUF",NA,NA,NA,"MIA",NA,NA,NA,NA,NA,NA
2025,10,2025-11-09 13:00:00,"CLE",NA,NA,NA,"NYJ",NA,NA,NA,NA,NA,NA
2025,10,2025-11-09 13:00:00,"JAC",NA,NA,NA,"HOU",NA,NA,NA,NA,NA,NA
2025,10,2025-11-09 13:00:00,"NE",NA,NA,NA,"TB",NA,NA,NA,NA,NA,NA
2025,10,2025-11-09 13:00:00,"NO",NA,NA,NA,"CAR",NA,NA,NA,NA,NA,NA
2025,10,2025-11-09 13:00:00,"NYG",NA,NA,NA,"CHI",NA,NA,NA,NA,NA,NA
2025,10,2025-11-09 16:05:00,"ARI",NA,NA,NA,"SEA",NA,NA,NA,NA,NA,NA
2025,10,2025-11-09 16:25:00,"DET",NA,NA,NA,"WAS",NA,NA,NA,NA,NA,NA
2025,10,2025-11-09 16:25:00,"LAR",NA,NA,NA,"SF",NA,NA,NA,NA,NA,NA
2025,10,2025-11-09 20:20:00,"PIT",NA,NA,NA,"LAC",NA,NA,NA,NA,NA,NA
2025,10,2025-11-10 20:15:00,"PHI",NA,NA,NA,"GB",NA,NA,NA,NA,NA,NA
2025,11,2025-11-13 20:15:00,"NYJ",NA,NA,NA,"NE",NA,NA,NA,NA,NA,NA
2025,11,2025-11-16 09:30:00,"WAS",NA,NA,NA,"MIA",NA,NA,NA,NA,NA,NA
2025,11,2025-11-16 13:00:00,"CAR",NA,NA,NA,"ATL",NA,NA,NA,NA,NA,NA
2025,11,2025-11-16 13:00:00,"CHI",NA,NA,NA,"MIN",NA,NA,NA,NA,NA,NA
2025,11,2025-11-16 13:00:00,"CIN",NA,NA,NA,"PIT",NA,NA,NA,NA,NA,NA
2025,11,2025-11-16 13:00:00,"GB",NA,NA,NA,"NYG",NA,NA,NA,NA,NA,NA
2025,11,2025-11-16 13:00:00,"HOU",NA,NA,NA,"TEN",NA,NA,NA,NA,NA,NA
2025,11,2025-11-16 13:00:00,"LAC",NA,NA,NA,"JAC",NA,NA,NA,NA,NA,NA
2025,11,2025-11-16 13:00:00,"TB",NA,NA,NA,"BUF",NA,NA,NA,NA,NA,NA
2025,11,2025-11-16 16:05:00,"SF",NA,NA,NA,"ARI",NA,NA,NA,NA,NA,NA
2025,11,2025-11-16 16:05:00,"SEA",NA,NA,NA,"LAR",NA,NA,NA,NA,NA,NA
2025,11,2025-11-16 16:25:00,"BAL",NA,NA,NA,"CLE",NA,NA,NA,NA,NA,NA
2025,11,2025-11-16 16:25:00,"KC",NA,NA,NA,"DEN",NA,NA,NA,NA,NA,NA
2025,11,2025-11-16 20:20:00,"DET",NA,NA,NA,"PHI",NA,NA,NA,NA,NA,NA
2025,11,2025-11-17 20:15:00,"DAL",NA,NA,NA,"LV",NA,NA,NA,NA,NA,NA
2025,12,2025-11-20 20:15:00,"BUF",NA,NA,NA,"HOU",NA,NA,NA,NA,NA,NA
2025,12,2025-11-23 13:00:00,"IND",NA,NA,NA,"KC",NA,NA,NA,NA,NA,NA
2025,12,2025-11-23 13:00:00,"MIN",NA,NA,NA,"GB",NA,NA,NA,NA,NA,NA
2025,12,2025-11-23 13:00:00,"NE",NA,NA,NA,"CIN",NA,NA,NA,NA,NA,NA
2025,12,2025-11-23 13:00:00,"NYG",NA,NA,NA,"DET",NA,NA,NA,NA,NA,NA
2025,12,2025-11-23 13:00:00,"NYJ",NA,NA,NA,"BAL",NA,NA,NA,NA,NA,NA
2025,12,2025-11-23 13:00:00,"PIT",NA,NA,NA,"CHI",NA,NA,NA,NA,NA,NA
2025,12,2025-11-23 13:00:00,"SEA",NA,NA,NA,"TEN",NA,NA,NA,NA,NA,NA
2025,12,2025-11-23 16:05:00,"CLE",NA,NA,NA,"LV",NA,NA,NA,NA,NA,NA
2025,12,2025-11-23 16:05:00,"JAC",NA,NA,NA,"ARI",NA,NA,NA,NA,NA,NA
2025,12,2025-11-23 16:25:00,"ATL",NA,NA,NA,"NO",NA,NA,NA,NA,NA,NA
2025,12,2025-11-23 16:25:00,"PHI",NA,NA,NA,"DAL",NA,NA,NA,NA,NA,NA
2025,12,2025-11-23 20:20:00,"TB",NA,NA,NA,"LAR",NA,NA,NA,NA,NA,NA
2025,12,2025-11-24 20:15:00,"CAR",NA,NA,NA,"SF",NA,NA,NA,NA,NA,NA
2025,13,2025-11-27 13:00:00,"GB",NA,NA,NA,"DET",NA,NA,NA,NA,NA,NA
2025,13,2025-11-27 16:30:00,"KC",NA,NA,NA,"DAL",NA,NA,NA,NA,NA,NA
2025,13,2025-11-27 20:20:00,"CIN",NA,NA,NA,"BAL",NA,NA,NA,NA,NA,NA
2025,13,2025-11-28 15:00:00,"CHI",NA,NA,NA,"PHI",NA,NA,NA,NA,NA,NA
2025,13,2025-11-30 13:00:00,"ARI",NA,NA,NA,"TB",NA,NA,NA,NA,NA,NA
2025,13,2025-11-30 13:00:00,"ATL",NA,NA,NA,"NYJ",NA,NA,NA,NA,NA,NA
2025,13,2025-11-30 13:00:00,"HOU",NA,NA,NA,"IND",NA,NA,NA,NA,NA,NA
2025,13,2025-11-30 13:00:00,"JAC",NA,NA,NA,"TEN",NA,NA,NA,NA,NA,NA
2025,13,2025-11-30 13:00:00,"LAR",NA,NA,NA,"CAR",NA,NA,NA,NA,NA,NA
2025,13,2025-11-30 13:00:00,"NO",NA,NA,NA,"MIA",NA,NA,NA,NA,NA,NA
2025,13,2025-11-30 13:00:00,"SF",NA,NA,NA,"CLE",NA,NA,NA,NA,NA,NA
2025,13,2025-11-30 16:05:00,"MIN",NA,NA,NA,"SEA",NA,NA,NA,NA,NA,NA
2025,13,2025-11-30 16:25:00,"BUF",NA,NA,NA,"PIT",NA,NA,NA,NA,NA,NA
2025,13,2025-11-30 16:25:00,"LV",NA,NA,NA,"LAC",NA,NA,NA,NA,NA,NA
2025,13,2025-11-30 20:20:00,"DEN",NA,NA,NA,"WAS",NA,NA,NA,NA,NA,NA
2025,13,2025-12-01 20:15:00,"NYG",NA,NA,NA,"NE",NA,NA,NA,NA,NA,NA
2025,14,2025-12-04 20:15:00,"DAL",NA,NA,NA,"DET",NA,NA,NA,NA,NA,NA
2025,14,2025-12-07 13:00:00,"CHI",NA,NA,NA,"GB",NA,NA,NA,NA,NA,NA
2025,14,2025-12-07 13:00:00,"IND",NA,NA,NA,"JAC",NA,NA,NA,NA,NA,NA
2025,14,2025-12-07 13:00:00,"MIA",NA,NA,NA,"NYJ",NA,NA,NA,NA,NA,NA
2025,14,2025-12-07 13:00:00,"NO",NA,NA,NA,"TB",NA,NA,NA,NA,NA,NA
2025,14,2025-12-07 13:00:00,"PIT",NA,NA,NA,"BAL",NA,NA,NA,NA,NA,NA
2025,14,2025-12-07 13:00:00,"SEA",NA,NA,NA,"ATL",NA,NA,NA,NA,NA,NA
2025,14,2025-12-07 13:00:00,"TEN",NA,NA,NA,"CLE",NA,NA,NA,NA,NA,NA
2025,14,2025-12-07 13:00:00,"WAS",NA,NA,NA,"MIN",NA,NA,NA,NA,NA,NA
2025,14,2025-12-07 16:05:00,"DEN",NA,NA,NA,"LV",NA,NA,NA,NA,NA,NA
2025,14,2025-12-07 16:25:00,"CIN",NA,NA,NA,"BUF",NA,NA,NA,NA,NA,NA
2025,14,2025-12-07 16:25:00,"LAR",NA,NA,NA,"ARI",NA,NA,NA,NA,NA,NA
2025,14,2025-12-07 20:20:00,"HOU",NA,NA,NA,"KC",NA,NA,NA,NA,NA,NA
2025,14,2025-12-08 20:15:00,"PHI",NA,NA,NA,"LAC",NA,NA,NA,NA,NA,NA
2025,15,2025-12-11 20:15:00,"ATL",NA,NA,NA,"TB",NA,NA,NA,NA,NA,NA
2025,15,2025-12-14 13:00:00,"ARI",NA,NA,NA,"HOU",NA,NA,NA,NA,NA,NA
2025,15,2025-12-14 13:00:00,"BAL",NA,NA,NA,"CIN",NA,NA,NA,NA,NA,NA
2025,15,2025-12-14 13:00:00,"BUF",NA,NA,NA,"NE",NA,NA,NA,NA,NA,NA
2025,15,2025-12-14 13:00:00,"CLE",NA,NA,NA,"CHI",NA,NA,NA,NA,NA,NA
2025,15,2025-12-14 13:00:00,"LV",NA,NA,NA,"PHI",NA,NA,NA,NA,NA,NA
2025,15,2025-12-14 13:00:00,"LAC",NA,NA,NA,"KC",NA,NA,NA,NA,NA,NA
2025,15,2025-12-14 13:00:00,"NYJ",NA,NA,NA,"JAC",NA,NA,NA,NA,NA,NA
2025,15,2025-12-14 13:00:00,"WAS",NA,NA,NA,"NYG",NA,NA,NA,NA,NA,NA
2025,15,2025-12-14 16:25:00,"CAR",NA,NA,NA,"NO",NA,NA,NA,NA,NA,NA
2025,15,2025-12-14 16:25:00,"DET",NA,NA,NA,"LAR",NA,NA,NA,NA,NA,NA
2025,15,2025-12-14 16:25:00,"GB",NA,NA,NA,"DEN",NA,NA,NA,NA,NA,NA
2025,15,2025-12-14 16:25:00,"IND",NA,NA,NA,"SEA",NA,NA,NA,NA,NA,NA
2025,15,2025-12-14 16:25:00,"TEN",NA,NA,NA,"SF",NA,NA,NA,NA,NA,NA
2025,15,2025-12-14 20:20:00,"MIN",NA,NA,NA,"DAL",NA,NA,NA,NA,NA,NA
2025,15,2025-12-15 20:15:00,"MIA",NA,NA,NA,"PIT",NA,NA,NA,NA,NA,NA
2025,16,2025-12-18 20:15:00,"LAR",NA,NA,NA,"SEA",NA,NA,NA,NA,NA,NA
2025,16,2025-12-20 13:00:00,"GB",NA,NA,NA,"CHI",NA,NA,NA,NA,NA,NA
2025,16,2025-12-20 13:00:00,"PHI",NA,NA,NA,"WAS",NA,NA,NA,NA,NA,NA
2025,16,2025-12-21 13:00:00,"BUF",NA,NA,NA,"CLE",NA,NA,NA,NA,NA,NA
2025,16,2025-12-21 13:00:00,"KC",NA,NA,NA,"TEN",NA,NA,NA,NA,NA,NA
2025,16,2025-12-21 13:00:00,"LAC",NA,NA,NA,"DAL",NA,NA,NA,NA,NA,NA
2025,16,2025-12-21 13:00:00,"MIN",NA,NA,NA,"NYG",NA,NA,NA,NA,NA,NA
2025,16,2025-12-21 13:00:00,"NE",NA,NA,NA,"BAL",NA,NA,NA,NA,NA,NA
2025,16,2025-12-21 13:00:00,"NYJ",NA,NA,NA,"NO",NA,NA,NA,NA,NA,NA
2025,16,2025-12-21 13:00:00,"TB",NA,NA,NA,"CAR",NA,NA,NA,NA,NA,NA
2025,16,2025-12-21 16:05:00,"ATL",NA,NA,NA,"ARI",NA,NA,NA,NA,NA,NA
2025,16,2025-12-21 16:05:00,"JAC",NA,NA,NA,"DEN",NA,NA,NA,NA,NA,NA
2025,16,2025-12-21 16:25:00,"LV",NA,NA,NA,"HOU",NA,NA,NA,NA,NA,NA
2025,16,2025-12-21 16:25:00,"PIT",NA,NA,NA,"DET",NA,NA,NA,NA,NA,NA
2025,16,2025-12-21 20:20:00,"CIN",NA,NA,NA,"MIA",NA,NA,NA,NA,NA,NA
2025,16,2025-12-22 20:15:00,"SF",NA,NA,NA,"IND",NA,NA,NA,NA,NA,NA
2025,17,2025-12-25 13:00:00,"DAL",NA,NA,NA,"WAS",NA,NA,NA,NA,NA,NA
2025,17,2025-12-25 16:30:00,"DET",NA,NA,NA,"MIN",NA,NA,NA,NA,NA,NA
2025,17,2025-12-25 20:15:00,"DEN",NA,NA,NA,"KC",NA,NA,NA,NA,NA,NA
2025,17,2025-12-28 13:00:00,"ARI",NA,NA,NA,"CIN",NA,NA,NA,NA,NA,NA
2025,17,2025-12-28 13:00:00,"BAL",NA,NA,NA,"GB",NA,NA,NA,NA,NA,NA
2025,17,2025-12-28 13:00:00,"HOU",NA,NA,NA,"LAC",NA,NA,NA,NA,NA,NA
2025,17,2025-12-28 13:00:00,"JAC",NA,NA,NA,"IND",NA,NA,NA,NA,NA,NA
2025,17,2025-12-28 13:00:00,"NE",NA,NA,NA,"NYJ",NA,NA,NA,NA,NA,NA
2025,17,2025-12-28 13:00:00,"NO",NA,NA,NA,"TEN",NA,NA,NA,NA,NA,NA
2025,17,2025-12-28 13:00:00,"NYG",NA,NA,NA,"LV",NA,NA,NA,NA,NA,NA
2025,17,2025-12-28 13:00:00,"PIT",NA,NA,NA,"CLE",NA,NA,NA,NA,NA,NA
2025,17,2025-12-28 13:00:00,"SEA",NA,NA,NA,"CAR",NA,NA,NA,NA,NA,NA
2025,17,2025-12-28 13:00:00,"TB",NA,NA,NA,"MIA",NA,NA,NA,NA,NA,NA
2025,17,2025-12-28 16:25:00,"PHI",NA,NA,NA,"BUF",NA,NA,NA,NA,NA,NA
2025,17,2025-12-28 20:20:00,"CHI",NA,NA,NA,"SF",NA,NA,NA,NA,NA,NA
2025,17,2025-12-29 20:15:00,"LAR",NA,NA,NA,"ATL",NA,NA,NA,NA,NA,NA
2025,18,2026-01-04 13:00:00,"ARI",NA,NA,NA,"LAR",NA,NA,NA,NA,NA,NA
2025,18,2026-01-04 13:00:00,"BAL",NA,NA,NA,"PIT",NA,NA,NA,NA,NA,NA
2025,18,2026-01-04 13:00:00,"CAR",NA,NA,NA,"TB",NA,NA,NA,NA,NA,NA
2025,18,2026-01-04 13:00:00,"CLE",NA,NA,NA,"CIN",NA,NA,NA,NA,NA,NA
2025,18,2026-01-04 13:00:00,"DAL",NA,NA,NA,"NYG",NA,NA,NA,NA,NA,NA
2025,18,2026-01-04 13:00:00,"DET",NA,NA,NA,"CHI",NA,NA,NA,NA,NA,NA
2025,18,2026-01-04 13:00:00,"GB",NA,NA,NA,"MIN",NA,NA,NA,NA,NA,NA
2025,18,2026-01-04 13:00:00,"IND",NA,NA,NA,"HOU",NA,NA,NA,NA,NA,NA
2025,18,2026-01-04 13:00:00,"KC",NA,NA,NA,"LV",NA,NA,NA,NA,NA,NA
2025,18,2026-01-04 13:00:00,"LAC",NA,NA,NA,"DEN",NA,NA,NA,NA,NA,NA
2025,18,2026-01-04 13:00:00,"MIA",NA,NA,NA,"NE",NA,NA,NA,NA,NA,NA
2025,18,2026-01-04 13:00:00,"NO",NA,NA,NA,"ATL",NA,NA,NA,NA,NA,NA
2025,18,2026-01-04 13:00:00,"NYJ",NA,NA,NA,"BUF",NA,NA,NA,NA,NA,NA
2025,18,2026-01-04 13:00:00,"SEA",NA,NA,NA,"SF",NA,NA,NA,NA,NA,NA
2025,18,2026-01-04 13:00:00,"TEN",NA,NA,NA,"JAC",NA,NA,NA,NA,NA,NA
2025,18,2026-01-04 13:00:00,"WAS",NA,NA,NA,"PHI",NA,NA,NA,NA,NA,NA
